59	75	64	58	71	71	50	69	71	81	58	63	70	81	78	77	72	89	83	74	86	103	98	85	105	118	103	116	100	102	107	93	96	92	86	62	66	60	55	73	60	61	64	81	61	58	63	50	69	67	78	70	69	79	67	69	63	68	72	71	56	59	63	68	52	65	54	54	61	72	74	55	52	72	62	65	61	65	53	63	64	59	57	55	71	55	59	57	57	55	60	76	73	56	66	61	67	71	76	71	47	54	67	59	83	52	51	66	72	57	58	51	53	62	75	71	68	52	58	63	57	66	55	57	58
67	70	63	63	68	74	60	86	67	77	74	63	73	62	60	80	71	83	66	80	83	89	109	100	112	118	119	120	101	104	98	77	83	84	97	64	80	79	74	69	66	71	61	71	63	59	63	69	65	55	56	73	69	74	46	65	67	72	70	63	73	82	59	67	69	64	70	72	62	63	53	60	51	65	67	63	55	58	65	62	69	64	70	62	63	48	61	52	73	73	60	70	67	63	68	75	59	67	66	71	70	61	61	69	55	62	66	75	56	75	69	64	53	61	60	59	59	57	69	65	58	65	56	60	63
53	57	72	71	55	78	80	79	75	74	60	76	76	81	90	80	61	92	93	103	77	91	121	110	98	99	106	135	113	105	86	103	93	85	70	91	87	66	68	74	60	79	66	78	54	58	73	76	66	74	60	71	75	71	66	48	63	53	56	58	64	59	71	59	50	55	68	54	60	55	55	73	72	61	55	72	68	63	55	80	48	61	48	52	65	66	64	64	75	71	77	61	69	49	68	61	61	70	67	67	62	63	57	64	60	71	55	45	61	55	50	65	62	65	72	59	64	63	73	62	59	79	77	48	52
72	49	67	84	64	76	73	77	74	74	71	59	86	77	60	70	73	99	88	112	109	94	110	114	123	109	122	104	105	115	114	104	84	82	81	76	81	71	62	56	77	74	69	69	60	63	73	73	57	68	61	51	65	60	71	56	76	75	76	50	66	55	68	73	60	76	60	74	70	66	60	59	69	52	72	63	66	80	66	58	66	48	58	72	52	55	56	66	73	67	61	58	66	75	80	68	63	65	68	77	53	65	59	65	76	52	77	52	56	75	58	65	54	57	72	60	58	53	53	55	70	71	59	67	63
60	63	66	70	69	78	80	68	77	73	82	84	87	99	70	94	104	111	104	96	87	112	122	107	111	129	109	122	105	110	92	101	76	57	80	75	64	74	71	61	81	73	90	71	61	63	72	63	78	65	61	68	67	72	65	73	69	72	64	73	70	73	76	76	72	65	80	58	71	60	58	57	73	68	77	59	61	57	64	58	55	56	60	62	63	71	55	57	76	48	56	61	65	66	66	59	59	70	74	58	60	71	64	68	74	64	63	57	64	68	66	44	73	70	68	62	60	77	70	61	74	56	62	62	52
64	70	67	74	60	79	67	72	86	81	76	76	67	81	86	103	112	102	105	107	117	129	122	126	146	120	127	112	95	86	96	91	83	69	88	73	64	84	62	67	70	65	61	63	78	72	75	60	68	76	87	64	60	84	72	91	66	73	62	81	73	72	66	81	78	64	63	60	75	77	75	61	59	63	66	72	73	60	61	68	69	69	45	74	49	63	71	59	64	59	71	57	81	53	56	72	76	70	76	71	57	81	70	65	55	75	64	73	59	79	65	73	56	67	60	61	80	56	70	68	59	66	60	57	66
74	81	78	69	82	72	75	86	82	84	82	84	91	74	98	98	117	118	131	133	118	123	117	123	122	124	108	120	95	76	88	79	85	73	78	83	50	74	84	80	55	72	62	70	75	70	72	78	71	82	69	83	64	85	66	73	77	73	79	71	63	69	71	66	65	66	77	67	63	62	71	59	67	58	83	81	66	64	53	63	83	74	56	81	93	81	65	75	76	61	69	62	76	81	64	59	59	72	63	53	73	73	72	64	53	65	59	76	64	75	67	70	73	65	67	58	62	72	50	73	59	66	69	63	57
73	76	93	69	69	70	93	74	79	74	87	85	87	74	106	107	131	107	115	141	151	142	141	125	112	105	116	114	87	83	95	101	72	85	64	82	75	70	64	68	75	75	69	58	70	64	72	82	71	78	73	63	71	81	73	78	70	80	69	72	58	86	69	71	73	69	67	66	69	74	73	62	69	65	81	71	74	66	65	56	69	74	61	58	71	73	59	87	72	60	53	70	66	65	70	76	62	83	68	85	69	72	77	63	69	60	60	76	81	72	64	66	81	66	70	61	61	76	72	83	70	80	73	79	60
74	73	76	63	77	85	87	72	86	88	89	81	103	106	124	127	127	127	134	136	163	129	134	136	115	122	108	105	96	100	80	88	95	74	66	82	88	68	69	72	84	65	67	69	58	65	66	71	65	92	64	72	62	81	71	65	62	69	90	82	63	60	73	82	75	66	75	75	80	91	76	76	73	79	62	91	61	96	77	61	56	64	63	69	65	70	77	65	65	65	72	75	75	74	56	68	64	74	73	81	83	71	78	68	57	72	72	76	80	68	62	69	59	64	70	63	67	65	80	64	75	67	70	76	72
76	78	82	76	83	87	70	76	92	77	80	98	117	119	125	120	131	155	141	121	159	142	142	130	133	118	103	85	100	96	75	84	78	70	82	85	78	74	71	69	60	65	83	79	86	63	82	68	67	83	61	66	89	68	78	83	80	64	82	72	79	67	73	69	73	62	68	69	76	74	68	62	84	67	74	68	67	70	73	73	71	58	72	73	59	71	64	61	56	63	72	66	67	73	77	61	86	85	73	71	80	80	62	61	67	71	71	68	66	72	69	75	98	73	66	51	67	80	70	72	66	76	75	75	69
83	78	79	78	79	85	83	92	81	81	97	91	121	106	120	133	143	151	151	142	143	165	141	124	127	116	107	101	85	75	85	88	77	77	91	67	71	71	48	73	68	73	84	70	71	90	63	71	66	94	74	81	63	68	74	71	86	74	80	76	90	82	68	74	64	84	67	76	75	84	70	71	76	74	72	75	71	71	79	88	63	80	70	68	69	77	64	67	61	75	76	73	89	70	84	68	84	71	75	70	71	77	84	75	77	66	76	71	72	60	60	76	74	70	79	75	74	68	68	70	75	65	54	77	59
69	93	88	99	80	85	83	90	110	106	114	115	122	120	142	144	141	136	169	167	154	170	143	131	129	113	85	98	93	77	85	87	61	77	63	99	71	79	80	84	93	76	63	71	76	85	75	85	74	77	65	74	79	76	81	68	81	70	78	54	77	84	82	62	70	63	71	84	76	77	88	67	79	77	63	68	83	73	81	64	66	73	72	83	80	75	69	74	78	75	74	75	56	69	69	70	72	58	70	89	53	84	75	61	92	66	66	65	74	57	68	94	72	85	80	77	60	61	61	88	77	76	73	67	66
100	92	86	81	106	102	87	110	93	109	107	120	118	135	136	144	164	167	160	180	151	152	153	128	126	106	111	89	91	97	86	93	98	74	77	70	80	77	66	77	75	74	82	82	84	90	79	77	74	45	64	79	78	75	91	72	59	88	86	69	67	75	87	79	74	99	75	70	70	59	79	82	69	64	75	90	78	77	59	59	87	70	87	72	75	75	66	83	86	72	68	65	76	72	75	83	80	88	70	70	64	85	75	84	81	69	67	60	67	71	70	84	87	82	61	61	83	61	66	81	71	89	75	77	73
107	105	81	107	103	118	109	92	88	93	133	112	142	128	169	173	178	186	175	179	145	156	145	116	119	112	88	80	101	83	90	72	82	82	73	85	83	68	97	80	71	76	75	93	66	89	64	81	68	75	65	69	71	75	67	87	87	78	72	76	66	86	92	75	95	64	66	82	82	83	78	94	79	91	47	63	70	92	63	73	83	77	71	78	94	97	61	56	56	75	70	56	80	67	71	81	72	78	65	80	69	72	69	67	79	69	70	82	69	66	96	67	63	95	86	76	74	89	68	73	74	71	76	77	72
103	130	114	104	118	107	112	132	112	125	109	123	146	172	153	171	188	160	180	154	155	148	148	136	106	108	100	86	92	107	93	83	80	80	73	73	87	75	80	71	77	78	82	86	72	75	89	84	62	68	75	96	87	62	77	88	72	74	67	80	74	72	78	75	79	79	76	93	89	85	92	85	90	67	62	72	82	86	74	65	82	79	63	68	76	71	71	69	73	92	70	93	74	67	85	58	67	80	79	87	82	70	79	88	82	82	85	69	88	79	80	86	95	71	83	76	84	74	71	70	81	81	67	67	74
106	102	129	123	118	127	103	133	151	135	146	169	141	170	179	202	202	159	150	174	159	166	110	132	108	104	121	86	94	94	79	82	78	83	81	80	93	83	96	78	83	80	95	86	79	100	81	83	70	92	73	75	82	72	78	76	85	80	61	80	83	83	93	76	79	81	91	68	73	78	71	75	83	82	79	90	91	73	71	70	90	76	83	72	87	102	79	71	68	72	97	75	82	80	75	80	75	80	87	71	73	66	69	70	58	89	98	73	78	66	67	80	79	86	75	97	67	74	68	82	75	79	79	84	85
107	114	148	150	138	139	144	173	157	171	148	159	189	162	220	207	190	183	183	158	159	132	103	103	95	99	118	96	91	93	76	78	70	97	90	82	83	82	77	79	72	90	81	86	72	67	75	90	78	80	76	88	82	93	75	92	80	81	76	77	76	67	93	82	88	87	74	84	81	108	65	97	75	79	83	88	80	79	92	78	82	95	77	82	81	70	77	82	73	84	84	73	79	79	73	82	59	68	79	80	64	88	58	99	61	80	73	80	64	67	85	84	73	79	74	80	80	66	89	73	78	79	75	74	65
116	132	150	167	153	148	204	193	199	198	175	203	195	198	204	195	207	179	161	175	153	130	104	118	105	93	94	82	86	103	88	83	87	82	91	88	75	106	97	72	95	84	84	85	81	82	86	76	82	83	74	86	86	94	102	75	80	92	85	82	69	86	89	61	79	65	88	79	95	85	76	68	76	92	87	75	76	73	104	79	81	67	78	77	97	88	83	66	84	75	95	84	76	72	82	73	75	66	83	62	67	78	94	78	95	69	95	79	87	80	86	85	80	90	77	77	84	78	76	74	80	80	95	78	75
123	130	146	194	204	212	230	257	221	210	224	245	242	209	220	186	171	183	173	168	152	131	135	111	114	95	96	89	83	89	103	99	90	87	91	77	85	77	83	87	86	89	86	90	72	96	86	92	102	86	99	76	76	74	86	93	89	77	85	80	80	80	77	79	88	100	78	93	90	97	80	83	89	77	95	105	72	86	91	93	96	81	74	96	93	93	77	96	84	93	80	87	96	85	90	80	91	86	80	90	94	72	96	85	90	92	105	91	88	84	69	71	104	95	86	82	76	81	103	94	91	77	84	86	79
118	131	150	173	241	270	294	314	265	307	271	271	269	235	215	207	187	176	170	162	125	146	133	107	101	93	100	117	93	79	93	86	72	91	104	99	91	104	80	98	95	97	96	87	88	82	75	74	93	77	92	96	92	110	93	89	87	85	92	93	96	86	99	120	96	83	88	87	88	104	97	86	85	81	77	88	100	65	85	105	96	74	87	94	73	85	89	80	94	101	86	81	92	94	101	72	73	88	75	73	92	83	106	82	83	81	85	97	87	83	92	96	87	90	75	80	58	89	76	99	99	89	82	89	75
98	135	160	153	239	291	360	390	386	347	334	316	307	272	267	213	220	194	155	140	148	142	115	129	111	95	96	89	85	97	111	103	90	99	87	90	100	74	79	93	85	80	95	87	78	107	92	96	82	99	92	92	91	98	106	73	90	93	100	91	91	95	93	80	99	80	93	99	82	102	91	84	87	84	71	83	98	79	70	109	71	81	79	95	85	92	101	98	98	76	72	94	97	72	87	81	85	93	83	98	94	77	92	103	96	87	80	89	95	78	88	100	90	95	83	90	90	96	85	82	96	92	101	85	90
119	129	159	214	231	307	432	481	462	434	344	360	329	283	256	235	193	177	163	145	153	115	113	116	117	107	93	118	119	97	97	93	91	88	93	106	105	75	77	93	95	103	89	96	81	110	89	84	75	87	95	89	81	84	108	88	84	70	79	93	94	90	107	102	69	94	83	94	84	82	91	103	91	77	109	80	100	97	79	74	105	84	89	90	85	99	78	75	90	77	94	99	84	109	92	89	110	98	97	89	91	89	81	92	91	102	89	74	105	83	77	95	86	91	83	87	103	83	100	90	77	91	75	102	95
112	136	160	205	266	322	418	478	589	523	506	437	369	310	277	246	237	178	147	148	119	125	115	101	119	115	112	120	89	96	88	106	115	87	109	104	105	98	104	102	85	82	96	94	97	91	105	94	94	107	104	91	88	102	104	86	83	101	108	98	98	94	101	112	89	71	78	93	74	106	87	90	95	95	109	83	99	101	104	87	109	86	95	108	101	88	86	101	95	92	100	90	101	99	91	91	95	87	91	90	108	77	105	89	93	92	93	71	99	95	91	89	108	102	100	88	99	89	102	93	80	89	93	92	90
123	143	137	167	232	296	416	534	621	615	521	455	341	283	290	231	197	152	170	148	133	124	113	124	124	92	105	107	94	92	90	98	98	111	103	92	97	87	92	104	83	98	96	105	109	93	120	114	105	97	106	95	87	89	104	77	90	86	96	105	112	112	97	95	108	82	88	106	97	86	90	98	104	86	96	100	117	92	101	92	83	86	83	72	93	100	91	113	96	97	106	93	94	87	98	98	94	81	101	98	98	108	88	95	110	101	95	87	98	102	99	90	99	85	112	105	86	111	88	83	94	107	114	95	94
128	141	149	176	216	249	386	484	584	628	617	517	404	304	259	236	186	182	162	146	147	148	124	104	99	97	104	121	105	116	114	95	104	108	105	102	83	103	104	91	104	116	111	88	103	89	104	97	104	102	102	90	69	101	86	88	103	91	100	103	115	103	94	84	97	94	99	85	84	78	109	78	87	95	97	106	87	79	110	96	107	91	85	100	116	93	90	92	101	84	87	97	115	99	89	101	119	87	114	91	101	93	99	97	97	101	101	94	85	111	95	98	98	85	105	87	89	94	97	93	94	96	110	101	87
134	150	169	168	186	239	346	477	542	594	644	544	405	321	238	219	200	160	147	121	122	147	116	124	116	94	107	84	106	100	100	106	112	106	103	105	103	118	104	106	87	103	120	91	107	107	93	102	115	107	89	91	111	82	107	95	103	92	100	100	94	85	96	93	82	104	89	91	104	114	100	109	92	92	111	100	101	90	85	95	99	85	100	86	112	86	69	79	121	87	94	108	91	103	89	102	87	82	97	97	105	108	102	100	92	99	111	104	87	96	98	108	99	105	92	89	98	94	95	107	103	103	107	100	89
157	130	146	171	196	248	314	460	603	621	668	536	442	339	263	200	173	183	136	128	113	130	111	102	111	121	98	99	92	100	117	94	109	111	91	86	103	107	99	110	115	100	86	86	99	101	83	114	109	118	94	98	95	124	102	116	88	87	90	108	88	89	100	94	123	76	96	89	87	99	119	116	101	100	97	91	101	79	90	106	108	100	88	92	128	84	105	109	80	90	93	81	88	95	100	89	99	102	111	108	99	88	94	100	80	110	106	97	100	111	99	101	98	95	83	108	105	91	102	97	97	104	93	93	87
145	152	130	192	204	242	315	397	527	575	546	504	409	328	289	225	176	169	147	140	117	104	100	102	89	90	104	94	110	101	80	108	102	98	96	107	114	102	90	98	103	99	104	114	105	84	99	107	85	89	130	92	98	95	88	105	77	92	94	104	100	100	107	84	106	93	97	92	93	88	92	97	91	87	105	104	110	98	86	89	98	92	110	82	100	85	100	119	104	99	100	98	83	81	90	85	98	108	99	91	97	111	85	75	93	71	93	97	94	99	79	93	109	107	84	94	99	90	88	104	90	91	100	93	77
185	187	172	196	221	224	316	356	467	516	556	484	401	304	251	171	137	165	139	136	122	120	110	96	112	84	116	98	103	108	93	108	87	97	105	108	114	90	82	101	99	118	81	94	108	102	96	111	91	114	103	78	86	102	103	106	106	98	99	97	93	89	101	109	123	91	93	87	88	96	82	82	84	85	97	70	86	90	98	97	100	107	105	97	108	84	97	93	90	86	92	88	85	87	87	99	94	96	105	107	93	88	104	93	94	102	83	92	96	89	94	78	91	103	97	103	99	112	96	100	71	95	89	64	79
199	212	216	257	276	281	329	369	442	482	415	437	350	284	213	176	148	134	149	111	115	108	121	111	103	86	81	89	100	99	105	103	92	97	88	92	92	92	108	72	94	86	107	97	104	105	134	113	91	82	91	103	95	100	92	74	120	89	87	88	92	103	89	99	90	87	114	102	94	100	89	103	91	94	86	87	115	90	86	99	90	90	98	81	83	105	96	98	116	96	93	85	112	82	93	106	102	85	93	110	83	96	91	83	89	78	100	97	108	122	99	92	89	97	107	88	76	101	112	102	95	89	92	93	107
225	255	286	353	356	416	396	409	418	466	445	398	288	266	230	178	142	130	103	101	131	117	111	111	91	93	93	107	95	91	104	100	96	97	92	84	94	91	118	109	94	106	88	93	104	104	97	86	82	110	107	89	130	107	96	73	94	102	111	86	94	99	94	88	95	96	93	88	118	103	109	103	78	123	100	78	85	93	84	83	70	116	97	107	105	92	92	102	99	98	96	85	100	85	101	88	98	112	101	85	102	77	100	92	100	100	88	90	105	86	94	89	105	113	107	78	85	92	97	110	110	78	109	103	89
230	283	363	442	537	510	462	457	377	401	392	334	266	243	209	174	141	121	122	123	105	96	86	94	92	97	101	92	96	97	108	88	95	104	103	88	105	104	108	106	103	92	100	114	91	101	92	122	100	103	109	94	102	93	95	112	113	104	111	87	105	99	91	112	102	109	109	98	90	93	83	93	113	101	92	97	103	94	93	104	94	86	90	109	103	82	115	85	88	95	94	86	114	101	96	100	101	97	109	101	90	88	93	100	97	91	98	102	97	100	97	106	98	107	94	103	101	109	108	85	89	93	93	97	103
230	274	412	582	691	642	594	469	441	414	347	303	268	232	209	156	143	131	120	124	110	111	107	122	100	109	109	95	107	101	97	104	90	88	108	105	96	110	97	102	117	100	95	98	106	106	109	94	96	107	96	99	107	105	103	112	120	94	105	128	126	125	98	75	104	86	118	93	104	107	98	111	91	101	102	94	109	104	117	92	103	104	99	93	92	100	102	93	99	106	87	104	110	91	99	97	97	97	95	107	106	87	105	107	106	104	95	97	102	107	95	103	90	102	98	105	112	121	91	98	90	96	102	76	103
225	306	507	667	833	821	651	604	497	428	342	297	221	198	167	151	124	118	116	124	102	124	102	102	87	93	110	117	99	111	92	95	125	105	111	107	109	112	124	107	95	116	92	112	107	113	108	104	106	97	97	119	90	103	101	104	106	119	93	96	105	76	101	89	113	103	85	109	87	102	108	96	90	96	83	103	113	109	91	102	118	114	109	116	83	86	90	115	98	105	119	109	102	83	103	114	93	120	96	107	112	105	112	88	96	98	98	101	105	106	106	111	109	84	100	107	114	103	101	104	106	106	103	102	97
206	264	462	687	869	999	850	743	554	429	342	264	209	205	177	141	149	121	134	113	116	125	108	95	108	105	114	103	121	124	116	114	107	94	107	96	98	122	105	96	73	95	110	91	97	101	86	118	114	116	105	106	105	108	100	107	98	114	97	89	109	108	104	106	96	99	96	111	99	119	100	116	97	113	89	93	116	98	92	104	112	97	111	91	95	100	96	101	116	101	89	85	108	109	88	111	101	108	133	96	111	94	97	96	100	97	114	88	109	85	88	104	112	101	109	109	118	92	101	112	107	122	79	87	100
186	246	441	671	874	1016	1006	817	627	467	374	262	197	184	177	135	152	134	128	130	113	104	104	101	104	99	96	110	104	107	98	105	97	85	132	99	105	92	106	113	96	105	108	99	108	97	107	125	93	104	101	105	90	103	99	86	117	98	96	100	113	95	99	100	115	109	120	97	97	89	106	106	124	89	95	112	105	104	106	121	98	99	99	109	90	100	90	81	116	102	108	99	85	93	105	82	114	102	102	105	112	110	97	103	95	82	76	99	103	113	106	100	105	90	88	99	112	99	108	102	120	87	107	110	104
150	218	355	564	823	958	996	865	618	488	352	266	217	198	137	154	123	107	128	95	111	115	92	110	79	105	112	92	109	108	112	98	105	99	90	102	93	93	86	85	109	92	92	98	102	94	93	120	107	89	96	94	122	100	105	84	106	110	108	88	123	105	98	111	109	93	98	113	88	99	90	113	93	96	120	87	119	85	86	103	97	89	91	106	91	106	103	104	91	107	99	112	93	88	89	93	105	112	82	109	91	97	97	88	122	85	91	100	93	97	99	106	102	96	100	102	86	82	98	98	94	94	94	103	105
132	187	296	486	722	910	928	868	629	432	333	248	198	149	147	154	143	95	120	112	88	100	98	100	107	116	92	97	96	105	87	88	105	93	93	89	78	88	107	106	94	112	109	82	98	104	111	93	110	107	81	105	109	108	105	95	90	80	91	105	111	92	96	94	116	84	121	94	73	111	98	86	94	124	92	107	97	114	86	110	84	94	95	92	97	91	90	105	103	83	102	88	88	93	92	113	95	88	111	110	79	103	89	91	104	94	88	86	101	95	89	103	80	88	105	110	83	106	99	94	84	85	97	94	103
120	154	253	357	563	745	804	673	542	402	307	224	177	166	122	127	107	96	106	90	101	97	85	92	101	86	91	99	97	83	90	99	82	94	94	93	83	89	93	83	86	84	82	95	88	108	69	98	96	100	85	73	85	110	93	93	92	99	94	84	95	83	86	107	94	87	80	96	94	86	105	99	83	89	93	85	94	103	107	73	95	101	91	102	85	86	68	77	84	93	76	75	87	84	69	86	84	67	83	94	82	89	100	83	78	91	96	87	84	81	90	94	91	94	80	87	89	93	84	80	78	82	103	82	76
103	109	182	288	422	553	571	575	470	354	218	199	155	140	134	113	97	93	76	93	73	90	99	89	90	92	107	88	91	89	90	91	96	81	83	95	76	78	92	76	73	97	92	83	84	85	89	75	94	102	91	88	82	93	81	99	77	87	71	88	81	90	94	90	100	78	93	71	77	70	80	92	82	98	92	81	66	92	82	73	82	85	80	96	80	66	84	80	79	91	78	84	82	90	94	66	80	79	76	78	93	91	78	71	78	90	83	85	87	65	68	85	80	83	88	78	85	70	70	87	85	87	82	84	88
94	122	126	210	277	387	432	470	389	270	254	174	151	100	112	101	79	76	94	83	81	82	108	66	88	67	81	80	83	76	94	90	67	70	77	83	85	87	82	93	83	82	77	80	77	77	80	91	93	93	85	83	78	70	83	78	90	69	72	74	81	76	66	72	74	74	70	72	64	75	92	86	78	67	68	64	79	81	66	69	82	83	83	70	65	75	67	68	72	77	79	66	67	88	83	89	85	74	81	78	75	66	86	86	55	66	72	74	90	68	65	80	88	93	64	75	63	96	74	76	83	90	65	85	72
101	104	150	199	246	294	328	346	282	251	186	137	133	99	92	74	85	87	78	69	89	74	71	84	74	88	78	70	83	83	77	81	84	74	75	94	69	70	79	68	73	77	84	93	82	66	76	79	77	89	64	72	85	76	65	68	64	72	68	70	69	66	69	66	80	80	73	85	67	77	89	77	78	78	63	70	83	76	73	88	73	80	67	61	57	67	81	75	91	55	70	68	71	65	83	65	66	74	81	67	75	69	82	58	68	74	86	71	88	70	56	77	73	84	74	76	82	60	69	73	76	81	62	79	72
88	120	119	152	189	250	269	268	244	189	161	124	117	104	76	91	78	72	83	76	73	69	71	73	67	82	63	62	77	75	83	66	71	69	68	71	63	71	88	65	64	77	74	76	63	78	75	62	60	61	69	62	71	60	82	77	74	65	81	85	67	67	68	65	76	71	76	74	69	78	74	53	73	68	60	65	71	78	68	61	69	66	68	64	71	68	55	52	62	55	75	72	63	68	65	73	66	68	65	84	61	73	75	70	76	79	59	59	60	68	50	75	70	66	62	64	84	76	84	69	61	72	68	61	83
73	75	91	139	155	173	228	208	196	160	121	112	102	93	78	85	58	76	74	83	71	59	71	77	64	71	62	68	79	62	70	56	69	77	60	51	74	55	65	65	71	64	73	73	66	68	85	67	62	72	69	61	68	70	57	59	72	66	63	71	58	75	66	69	64	68	52	59	81	67	72	72	59	77	57	63	55	54	61	71	64	66	57	65	59	64	51	61	68	57	67	56	67	73	53	79	74	70	56	69	62	59	64	59	80	59	63	69	68	64	62	71	65	49	82	64	62	63	67	62	71	64	81	67	61
74	85	86	112	139	144	169	157	153	131	104	102	82	63	66	74	56	61	73	48	58	63	80	74	60	69	74	60	56	52	73	76	51	55	70	64	57	65	62	75	70	74	69	51	75	71	63	62	66	65	64	68	72	72	49	70	64	41	59	79	69	65	66	72	69	69	82	65	75	65	75	72	50	74	50	65	70	58	44	62	66	64	58	58	50	67	81	55	72	59	59	66	48	71	63	73	56	61	53	53	57	53	47	58	77	61	56	58	65	57	60	58	71	58	55	67	65	64	56	60	64	66	65	61	62
57	78	80	91	113	136	121	111	134	99	83	78	68	75	63	71	83	73	68	54	50	64	40	59	66	60	72	56	57	52	62	53	43	68	63	61	61	62	67	64	59	49	51	53	69	61	52	54	55	41	64	56	55	57	50	66	51	64	64	61	77	76	72	57	61	58	73	61	47	72	50	64	57	44	69	49	65	61	62	48	70	56	49	55	51	71	72	66	51	49	69	46	43	61	58	61	60	59	61	59	48	43	62	68	55	54	45	66	65	44	52	59	61	60	59	50	57	57	57	60	54	58	47	79	55
64	76	95	100	93	140	92	114	107	108	78	70	74	80	60	62	59	64	56	74	71	46	54	58	49	59	59	67	64	57	48	64	62	56	51	55	62	54	57	47	55	54	61	55	52	45	56	60	51	47	40	49	55	56	54	60	49	61	54	63	63	68	65	59	55	56	47	56	49	50	54	48	40	52	60	59	62	57	53	52	44	50	54	61	54	47	60	39	47	57	63	57	46	46	53	46	54	47	54	57	56	59	47	56	55	39	52	51	44	55	51	54	55	58	52	57	70	73	47	60	48	54	58	45	55
61	62	73	96	101	97	114	93	79	72	88	70	53	49	57	66	62	53	65	64	47	47	62	54	43	49	49	42	56	30	46	49	69	53	61	60	56	51	56	52	39	51	54	47	55	53	63	43	53	38	52	53	52	60	55	61	67	43	56	53	52	59	55	38	45	54	52	61	41	44	43	37	53	50	45	49	48	41	49	46	41	42	63	48	44	49	56	43	50	43	41	38	51	53	47	38	59	33	39	64	47	40	45	48	60	41	59	44	47	36	49	52	51	47	48	50	55	47	42	60	60	45	48	47	43
29	45	52	74	74	88	83	78	83	58	73	50	48	53	60	43	43	52	47	56	63	43	68	56	48	41	50	47	49	42	53	62	40	47	58	42	54	44	45	45	54	71	51	57	43	59	42	63	58	44	52	50	55	42	59	49	59	48	62	44	48	53	46	54	51	58	49	35	41	61	35	38	49	56	47	44	41	41	40	47	37	50	40	37	58	47	46	36	38	54	50	40	46	37	46	51	45	51	62	54	45	52	44	42	38	57	51	50	53	43	52	48	42	57	45	56	46	40	47	55	53	52	41	49	37
51	43	79	69	75	75	92	60	65	55	60	50	48	53	45	41	55	44	37	53	40	44	51	60	37	57	49	48	42	58	46	52	52	48	47	44	41	37	53	48	47	45	42	43	43	57	37	37	65	49	51	55	46	57	40	44	42	37	49	55	50	43	45	42	53	47	38	36	41	37	42	43	37	35	47	43	46	43	43	47	53	48	54	45	44	39	47	38	44	51	32	32	49	59	42	50	41	49	54	31	38	37	29	39	54	45	41	46	51	47	43	37	47	41	43	38	49	39	43	51	46	46	41	46	33
47	49	52	61	49	70	66	57	59	56	43	49	54	43	46	49	47	54	42	37	43	36	37	51	42	51	51	52	49	47	42	42	54	34	46	49	41	52	45	42	47	58	43	45	42	36	51	46	39	51	54	40	46	36	44	56	43	44	56	35	38	51	55	44	39	40	45	39	50	34	36	36	37	29	44	39	44	40	52	48	56	47	44	43	38	47	42	30	35	36	36	45	41	44	41	33	40	47	49	47	39	41	42	38	40	44	62	44	40	41	45	57	43	32	42	47	44	45	50	44	48	44	39	48	41
49	46	61	67	49	63	51	45	44	43	46	49	40	50	46	48	38	37	44	38	41	62	48	46	43	43	53	35	52	45	43	44	47	48	39	39	47	49	34	42	38	42	28	52	48	50	45	51	49	35	49	49	39	41	38	41	33	32	36	43	59	49	43	39	47	42	40	34	44	35	35	33	38	27	37	36	35	28	40	39	30	51	50	38	38	39	28	50	43	35	35	18	46	40	31	38	26	39	40	49	35	35	43	33	37	36	47	42	50	39	42	27	39	34	38	43	28	35	41	33	45	39	42	30	38
40	42	40	53	60	62	50	63	54	40	39	37	48	38	56	41	50	36	51	49	49	46	50	37	46	40	40	39	44	44	45	46	31	52	46	37	29	38	35	46	44	37	58	40	43	40	36	43	47	49	48	46	42	40	44	39	36	37	33	45	36	47	52	46	31	45	43	35	36	45	32	33	44	29	46	37	35	42	26	48	43	48	41	42	32	36	43	46	38	32	34	45	48	36	37	30	30	37	30	35	42	40	32	33	37	31	35	31	44	37	39	44	41	58	43	37	45	51	33	41	46	45	35	34	37
46	49	46	43	48	44	47	50	42	52	41	46	39	36	35	43	47	31	42	41	44	39	31	46	39	47	40	48	54	44	40	42	45	35	40	32	34	48	29	45	39	38	41	54	47	39	42	38	33	43	47	38	36	39	44	34	37	39	41	38	42	38	40	32	43	40	41	42	48	40	30	42	50	32	38	25	41	43	38	33	40	34	34	43	34	30	38	47	46	35	34	37	40	46	36	32	40	40	39	46	31	47	31	37	41	34	43	26	45	36	33	30	51	40	39	32	39	35	33	49	34	28	39	27	41
43	40	59	49	42	44	56	51	38	59	60	40	50	53	45	44	35	47	37	52	37	37	56	33	46	37	42	33	31	44	45	40	32	45	44	39	43	47	48	46	48	31	40	40	37	41	48	51	40	34	41	40	53	37	30	47	37	47	31	29	41	36	38	50	46	43	37	36	45	44	32	33	41	31	41	39	39	37	40	38	34	38	45	41	34	32	30	39	42	36	35	39	45	35	32	36	52	37	45	38	48	42	37	43	40	34	36	37	29	33	33	37	40	33	35	35	51	28	37	35	42	34	50	23	31
39	34	47	30	47	51	48	46	58	50	46	48	42	45	45	45	40	39	37	35	42	42	39	46	39	34	44	41	54	35	57	32	33	47	35	41	51	34	44	37	36	49	56	45	48	41	48	31	36	33	50	37	48	35	42	28	36	47	41	50	45	34	43	48	35	45	29	32	32	45	38	38	35	40	41	39	35	29	36	36	32	36	33	35	36	33	50	41	39	42	29	40	45	34	32	35	39	32	43	33	28	44	38	31	41	40	39	36	34	41	43	44	33	30	39	43	35	38	40	44	32	37	28	36	29
38	36	48	42	43	36	54	38	38	38	46	47	47	42	35	51	39	47	34	51	41	33	46	35	32	40	41	32	35	43	41	41	34	39	35	38	36	38	32	31	33	48	42	43	34	46	49	38	50	33	26	44	31	44	31	37	34	33	47	26	51	33	34	41	35	38	41	45	44	35	32	32	26	30	28	41	38	36	32	28	44	32	31	46	42	30	42	41	31	38	31	46	34	34	28	31	38	47	37	29	33	44	31	30	38	42	40	52	39	35	38	37	36	42	30	27	31	40	27	21	32	47	44	40	30
48	33	40	44	45	38	40	45	42	38	38	50	38	43	48	38	37	45	50	46	44	38	40	42	34	48	49	44	39	49	41	51	27	47	34	37	51	36	51	40	34	36	36	40	46	45	53	50	46	43	21	39	39	45	31	45	39	44	46	41	41	44	41	36	35	50	35	41	29	30	31	48	39	41	35	27	25	37	36	26	31	24	37	31	34	46	52	42	38	34	48	41	39	39	28	34	35	40	39	48	37	34	35	44	33	28	32	40	38	31	35	26	50	32	38	40	32	36	41	30	36	38	33	29	35
42	49	43	42	34	44	30	40	37	43	55	51	50	44	44	42	49	38	34	48	44	52	48	36	40	49	36	45	41	37	33	45	47	33	51	39	36	34	39	50	36	33	34	43	31	26	50	41	41	40	35	41	42	37	37	45	41	37	43	41	47	34	43	51	36	48	40	43	38	30	37	38	37	32	38	31	28	34	43	33	25	27	35	33	30	34	37	30	33	27	30	42	33	34	34	33	29	30	35	51	32	45	35	29	35	40	32	33	39	40	45	38	39	34	39	31	40	41	31	48	41	31	32	20	35
50	41	45	61	35	38	40	47	36	47	27	41	42	41	26	44	40	37	39	39	45	39	37	39	43	56	42	40	35	42	43	40	37	47	38	29	41	45	43	51	27	38	41	29	47	31	32	44	37	37	24	46	33	46	47	40	45	38	41	37	31	44	34	48	52	38	42	34	30	36	32	29	38	29	44	29	41	25	48	39	33	29	37	37	36	23	31	48	29	42	29	26	33	28	29	41	33	29	31	36	45	32	42	38	35	45	37	33	37	40	22	35	43	29	35	42	37	35	40	36	29	40	37	27	30
38	43	39	39	37	39	36	32	39	40	43	34	51	33	41	46	41	45	39	44	37	43	40	37	39	35	47	38	30	37	37	36	46	39	32	36	35	31	33	37	46	41	34	47	47	43	42	35	48	30	36	42	34	32	33	46	27	39	42	50	38	45	38	30	52	38	36	30	33	28	30	31	36	33	36	31	39	40	33	38	40	32	36	31	40	38	27	26	39	33	42	37	39	36	30	37	39	35	34	38	33	34	39	46	37	35	38	37	36	33	39	33	30	37	36	32	29	26	43	30	33	38	41	33	26
38	51	51	36	40	37	44	45	45	33	37	26	34	31	37	54	34	45	40	48	40	42	40	39	46	40	35	48	44	36	28	48	51	31	33	48	45	34	36	43	44	36	37	39	40	45	26	48	38	37	44	35	35	39	41	54	35	40	50	30	50	40	34	48	43	48	57	37	29	34	28	38	30	47	38	25	36	36	30	22	34	38	26	34	36	32	19	39	24	26	36	38	32	29	31	41	41	22	43	30	38	38	33	32	27	31	39	36	31	35	32	26	35	33	28	42	30	34	29	31	46	35	35	24	30
44	37	38	44	40	41	39	29	40	38	38	36	29	38	34	34	43	30	41	36	39	44	51	37	38	35	35	40	46	31	51	46	39	46	36	36	49	47	35	36	42	50	42	29	40	35	33	40	27	48	43	36	43	30	35	41	32	41	43	59	38	36	34	45	35	42	48	26	31	26	30	28	33	32	22	31	50	31	36	41	38	30	27	33	35	34	31	41	32	33	35	38	31	34	31	40	37	39	24	38	31	27	29	40	43	52	42	38	38	30	40	36	23	33	19	27	32	27	41	41	29	31	31	28	43
32	28	40	46	41	33	44	34	49	32	29	62	34	31	36	46	46	36	36	40	28	44	40	42	40	31	43	35	32	35	38	31	41	48	38	40	37	37	24	37	48	42	40	41	35	46	49	33	45	41	51	37	45	40	31	37	40	28	37	38	35	36	26	41	30	42	36	50	40	36	36	30	24	30	34	22	32	31	33	36	34	29	35	39	30	34	31	45	36	42	32	37	31	35	29	38	33	35	35	34	25	32	37	35	33	35	32	45	37	30	26	34	32	43	33	36	38	33	46	28	35	32	37	25	28
38	36	39	34	39	42	39	28	48	44	43	28	48	35	29	41	32	48	46	40	33	38	38	34	35	40	41	43	41	32	42	38	35	36	32	42	33	42	36	33	43	36	42	31	37	33	45	42	32	47	41	35	45	35	26	52	29	45	45	42	38	35	26	38	41	43	29	40	41	43	29	39	32	28	25	39	30	26	34	41	45	42	31	26	29	45	31	20	34	27	38	28	27	32	26	34	33	38	42	29	31	24	32	29	40	40	36	28	36	23	35	28	33	29	26	37	33	36	35	38	32	34	27	34	29
37	37	34	36	36	41	40	40	31	26	46	42	37	38	39	31	23	37	40	38	45	36	36	44	39	37	35	39	41	52	33	40	38	47	34	43	38	38	28	41	36	31	49	37	43	35	38	34	29	39	28	39	40	44	33	44	32	41	41	39	46	28	29	47	34	28	38	26	38	29	44	25	29	26	30	29	41	27	36	35	27	34	39	31	24	30	42	23	33	25	30	44	25	32	19	26	41	29	26	30	41	44	39	36	36	31	38	34	48	43	35	31	27	34	20	32	37	37	35	26	31	33	34	21	25
25	32	35	46	37	38	37	44	47	40	39	41	31	39	37	35	33	30	37	39	32	40	33	31	33	41	35	48	38	37	45	29	44	34	30	47	36	36	40	37	50	25	35	29	30	28	32	32	29	30	35	43	35	40	38	31	42	27	24	36	47	24	36	31	40	40	43	25	44	23	27	28	37	28	27	24	36	37	31	29	34	25	35	43	27	26	23	39	25	35	38	38	25	31	29	26	33	31	27	32	44	18	36	32	39	27	33	22	44	29	21	45	41	28	29	31	26	24	30	32	31	29	27	39	36
44	35	39	30	37	36	33	41	38	28	47	34	42	40	32	27	29	39	37	32	39	31	41	27	36	27	33	27	30	39	33	41	32	35	28	32	32	36	23	26	31	34	35	30	37	29	31	40	36	40	24	32	35	33	36	47	32	32	34	41	30	24	32	40	34	35	35	28	31	30	34	33	26	27	38	32	36	41	44	28	26	25	34	21	30	30	25	32	30	33	34	23	32	34	37	39	35	37	37	30	27	32	31	28	44	35	34	31	36	23	35	27	29	30	34	19	29	29	19	30	28	29	45	26	23
36	39	33	33	27	41	24	39	31	32	33	38	33	40	29	31	27	42	25	34	34	31	28	30	28	35	18	39	32	33	41	30	35	33	36	31	25	35	30	29	31	18	24	41	29	38	28	30	37	35	29	29	25	23	25	41	25	33	29	31	31	33	37	31	28	38	38	25	39	40	32	38	26	35	34	32	33	29	36	26	27	26	22	29	37	26	32	33	28	28	34	36	27	31	16	37	27	25	21	23	39	37	30	28	37	32	34	24	29	23	31	32	30	36	32	39	32	21	32	38	30	25	28	25	25
28	29	23	17	23	24	31	36	21	32	24	26	15	31	25	37	34	25	31	36	36	20	33	23	45	22	21	30	30	26	30	32	29	37	30	27	32	29	22	47	39	29	38	32	35	44	38	23	26	33	26	26	24	24	29	25	32	42	22	33	22	22	24	31	29	25	40	32	18	32	19	21	28	43	29	35	30	23	29	30	33	37	29	26	33	28	22	21	25	33	41	27	30	25	37	39	33	31	23	25	36	36	40	32	24	28	36	20	34	19	27	23	27	31	28	28	33	44	25	28	28	31	27	27	24
33	44	23	26	28	31	35	35	33	23	32	24	20	22	32	25	23	38	23	34	36	32	29	31	47	31	25	28	25	28	29	29	33	27	30	17	27	22	21	18	27	31	29	23	28	27	32	30	22	22	32	26	26	39	34	30	30	26	22	27	30	21	19	33	31	36	47	19	22	27	26	29	20	25	36	24	27	30	22	16	19	27	22	22	25	29	28	27	30	33	22	25	32	32	23	31	31	31	35	38	22	28	33	28	40	21	31	28	29	23	33	23	17	28	27	30	31	30	29	29	20	26	26	38	22
33	21	34	32	29	25	30	31	28	14	25	28	19	29	47	24	27	28	22	21	24	29	28	30	33	27	20	25	27	18	28	26	41	28	23	24	18	31	28	30	28	32	29	20	30	21	28	39	25	21	25	32	28	29	28	26	28	28	25	31	30	29	30	22	24	23	20	23	26	21	18	34	34	37	25	26	21	29	22	19	29	26	23	27	30	34	30	29	25	21	40	26	28	28	33	26	35	27	34	28	21	18	30	28	32	43	30	30	33	36	30	26	30	19	24	28	29	27	25	40	28	30	23	27	27
25	31	19	21	25	31	28	25	28	27	30	26	31	28	34	23	28	30	35	37	19	26	29	23	25	34	28	29	28	31	26	22	28	30	26	31	35	19	33	26	21	27	32	31	19	29	31	23	18	22	33	30	34	25	29	23	29	35	26	21	31	33	19	30	35	31	28	13	33	26	27	27	21	28	30	23	28	23	15	21	33	23	28	17	28	35	30	32	30	20	26	30	29	27	35	43	24	37	27	25	39	29	32	36	25	27	27	34	31	26	31	29	27	29	26	29	26	25	21	33	27	24	24	30	24
18	26	27	28	18	22	34	25	35	27	26	24	22	21	24	30	26	33	25	19	21	30	23	25	25	27	34	28	21	31	31	26	19	15	24	14	27	29	28	29	27	30	32	20	25	24	31	22	25	28	16	32	27	24	25	28	26	32	25	32	29	37	23	25	31	34	25	22	22	25	23	24	24	31	28	25	23	32	27	35	22	28	32	26	28	21	30	29	26	32	24	29	32	36	20	24	37	27	31	38	30	21	27	42	23	27	31	30	19	26	30	33	24	26	23	36	26	21	28	24	29	31	19	24	30
24	21	27	29	29	16	27	27	31	37	21	23	27	27	27	24	30	29	22	23	23	33	26	24	25	26	21	31	26	19	19	33	23	29	31	38	22	27	26	21	28	25	30	37	32	20	35	20	29	25	19	21	26	19	31	30	23	27	25	20	21	30	23	25	34	24	31	20	15	23	26	27	33	23	27	32	26	25	22	26	23	27	31	29	26	17	31	28	23	27	25	32	30	28	24	33	35	34	22	34	18	27	31	31	24	23	19	24	20	26	31	36	24	25	24	24	20	27	35	27	23	28	22	22	18
28	19	30	31	24	26	28	28	31	24	29	22	23	22	23	21	31	18	28	22	25	17	24	29	24	18	26	22	33	20	19	25	28	28	29	24	28	40	31	20	28	30	24	26	33	20	26	19	38	26	19	25	22	26	23	18	22	22	34	39	31	22	28	20	20	32	20	22	15	26	34	26	24	37	25	28	28	24	28	29	23	34	21	30	24	20	35	19	24	27	23	32	21	30	28	27	34	31	19	36	24	25	33	29	19	19	29	30	19	19	25	36	21	33	28	20	24	27	30	24	27	30	21	29	16
26	24	31	18	31	23	29	15	24	41	21	22	18	22	23	24	27	32	37	29	30	23	19	24	30	27	30	28	25	29	22	31	27	26	29	21	26	28	29	21	20	26	26	26	34	28	17	28	32	29	30	22	19	27	21	25	28	22	24	23	23	25	29	22	25	25	28	27	24	27	22	30	24	16	23	19	18	17	20	21	24	31	34	28	28	23	24	32	19	28	21	34	22	26	23	40	24	24	34	24	33	34	26	27	31	25	28	20	29	25	20	36	23	24	24	25	31	33	19	30	28	30	25	25	31
27	22	34	20	24	33	29	29	28	22	19	25	17	33	22	26	28	24	22	21	37	28	22	18	33	26	23	32	30	27	19	24	31	25	26	24	24	20	27	27	31	25	16	15	23	22	20	25	24	23	36	26	22	31	32	25	27	25	30	18	27	26	24	28	32	24	28	27	30	17	33	27	27	20	31	31	19	21	12	28	19	18	30	23	38	34	34	25	18	31	17	23	26	35	29	25	28	28	27	31	18	22	24	33	27	23	32	29	25	21	39	25	17	24	27	22	25	19	26	23	23	22	26	24	18
24	26	25	26	32	17	24	15	23	22	24	27	31	22	19	30	21	28	13	23	18	22	30	21	31	23	27	27	24	22	24	28	23	18	26	21	35	30	22	28	27	19	26	25	23	22	27	31	28	34	20	29	26	25	21	24	25	22	24	24	33	35	19	16	26	24	21	22	21	30	25	22	40	31	36	16	25	28	28	23	23	29	30	28	17	24	26	27	23	27	32	21	23	41	30	31	21	25	30	33	39	32	22	21	34	31	31	28	25	28	25	30	24	22	22	26	25	24	23	19	26	33	30	24	27
24	33	26	23	25	20	25	30	14	25	24	23	27	22	22	31	40	24	22	24	32	16	32	24	23	26	19	18	26	17	23	31	25	31	27	23	25	26	29	16	35	35	31	27	24	29	28	27	25	23	21	14	18	23	26	22	26	18	16	30	23	28	25	23	22	31	27	31	30	32	16	24	27	18	36	31	19	15	24	17	28	29	20	34	28	21	25	30	27	32	35	35	27	36	28	27	37	23	28	26	17	28	31	22	20	21	23	23	18	29	24	19	31	29	31	24	32	21	27	25	27	30	30	25	20
31	34	30	21	23	20	25	32	28	29	23	23	22	28	33	21	31	28	29	31	21	19	28	22	27	26	34	27	37	23	27	28	26	16	28	23	27	26	26	22	31	23	31	24	28	28	22	40	18	30	24	25	17	26	18	22	22	22	25	30	31	24	27	25	27	17	26	32	30	25	30	23	26	22	29	25	23	24	27	22	16	21	22	30	35	37	20	30	25	27	29	25	35	29	31	37	24	32	25	18	34	32	36	25	25	20	25	21	23	24	33	24	27	18	24	23	23	32	25	25	18	28	23	19	28
17	20	30	26	26	25	29	25	13	20	23	33	30	22	31	28	24	33	23	30	21	27	23	28	27	21	26	30	27	20	25	26	33	21	27	29	28	23	27	16	22	19	27	27	28	24	30	34	24	23	19	25	17	32	34	32	19	44	26	22	22	25	25	26	24	19	24	23	26	26	32	27	19	22	33	15	28	23	20	25	24	27	27	33	14	31	31	28	29	32	25	26	23	37	30	20	35	21	30	37	24	15	30	21	25	25	23	28	27	27	21	29	29	12	14	21	23	27	27	27	16	31	32	24	26
27	27	22	28	33	33	21	31	26	30	25	25	29	26	25	35	22	21	17	34	29	13	26	25	21	35	19	20	29	21	29	35	28	25	19	30	31	21	30	34	22	14	22	18	29	29	17	22	17	31	28	32	27	25	25	27	26	22	32	27	24	33	24	28	22	17	25	39	25	34	26	21	20	37	18	22	26	32	27	21	26	22	32	24	37	22	37	40	30	43	28	32	32	31	34	28	26	24	23	26	31	21	24	21	37	22	27	27	25	26	25	27	24	22	27	25	25	32	26	30	25	27	27	30	25
26	29	28	26	20	28	23	29	22	28	31	22	30	17	22	26	38	21	29	25	33	17	27	21	27	17	25	24	25	22	18	31	28	27	32	22	21	29	33	24	17	23	22	22	26	20	30	28	22	21	22	23	21	22	30	34	31	20	24	20	28	27	30	25	24	24	17	26	26	28	34	27	27	27	17	23	22	18	20	30	38	32	26	21	24	31	32	14	19	35	27	32	21	33	30	29	37	21	32	29	21	25	18	23	28	25	20	25	19	23	19	32	26	25	25	21	26	31	23	34	25	26	32	27	16
23	23	25	36	23	28	30	27	24	30	22	23	32	25	38	27	21	19	28	20	30	24	18	31	29	29	28	31	29	29	30	28	23	18	26	25	18	20	26	30	27	23	30	21	22	32	33	25	24	25	23	28	27	22	30	27	33	22	21	28	25	29	27	25	20	29	22	31	25	26	20	34	26	30	27	19	25	28	31	19	31	31	31	24	21	25	27	31	26	33	24	41	31	41	31	29	23	25	32	30	29	33	38	22	23	22	28	25	25	30	19	32	32	26	25	27	29	16	19	30	26	26	35	23	29
21	24	22	30	36	30	28	20	17	22	28	39	22	23	25	31	17	27	28	20	31	22	28	22	21	17	24	25	27	32	28	28	33	16	29	32	26	22	20	19	32	36	18	25	26	26	35	31	28	29	24	35	25	28	27	26	29	30	33	22	31	29	25	28	29	33	24	26	19	29	27	21	22	18	23	26	26	24	23	21	36	36	31	31	28	30	31	29	26	26	33	36	23	34	31	27	32	34	26	31	24	29	39	29	23	28	26	31	23	27	23	27	26	22	38	24	31	23	25	27	29	36	33	27	22
24	24	25	37	22	17	24	38	31	26	25	24	32	14	26	30	22	22	29	29	41	23	30	28	28	26	32	29	26	28	23	45	33	33	34	32	23	20	24	34	22	16	24	25	27	22	24	19	30	20	24	36	16	21	28	26	21	33	27	28	19	21	30	26	19	26	29	32	39	28	28	32	38	25	29	19	24	27	28	31	30	39	39	30	31	33	31	29	22	36	38	26	40	30	37	36	32	33	30	24	23	23	28	23	24	32	23	22	25	28	26	24	27	26	27	31	25	25	30	29	38	32	21	17	19
28	26	29	29	21	32	28	27	37	25	24	26	24	29	26	26	22	31	28	22	36	19	30	30	28	26	25	33	29	29	30	23	34	25	19	31	29	34	24	32	31	25	25	45	33	27	35	19	28	27	19	23	29	24	17	36	30	26	30	27	30	29	19	23	25	28	15	20	26	32	36	35	29	26	31	30	31	36	34	30	36	31	39	31	36	42	33	38	32	31	38	28	32	35	38	33	22	29	32	31	37	20	31	33	36	35	26	29	31	41	24	28	33	40	29	17	27	24	22	31	32	30	24	26	22
27	29	26	25	19	25	30	25	21	26	30	22	21	33	30	37	26	23	31	23	16	25	32	16	30	27	31	38	22	31	26	19	30	29	37	25	22	28	19	37	34	26	22	33	24	27	22	37	22	27	22	28	29	22	27	28	21	44	27	24	24	32	26	22	27	28	28	35	26	30	33	31	38	27	28	36	18	35	21	40	35	29	24	37	36	38	28	30	36	35	34	32	40	31	31	41	25	22	27	24	40	37	19	31	17	29	25	30	36	36	27	29	27	31	35	23	26	36	32	33	21	30	21	30	22
30	16	17	23	34	27	26	32	28	29	29	31	36	22	20	28	35	24	29	27	40	23	30	31	23	34	28	26	23	27	29	33	29	26	27	44	29	28	28	26	33	18	30	25	29	25	40	23	22	26	20	31	26	23	29	30	22	33	41	31	33	32	37	24	21	28	21	23	23	25	29	32	25	21	35	40	21	23	36	40	34	27	27	35	35	25	37	42	32	38	35	34	39	37	26	34	32	36	26	28	27	20	22	30	32	28	19	19	34	17	36	24	32	37	29	35	13	31	20	27	33	27	23	33	25
29	31	32	27	18	36	34	26	28	32	34	32	25	26	29	32	24	18	21	33	24	29	28	31	22	30	26	22	30	35	34	39	33	26	31	24	23	34	29	26	29	25	19	32	19	26	28	23	22	26	24	33	31	35	27	19	26	28	24	24	32	25	26	25	30	32	35	26	28	25	28	22	29	31	34	33	41	35	30	34	37	43	42	33	34	38	32	34	33	44	47	21	26	31	34	26	26	27	39	26	18	35	16	30	29	33	27	22	25	29	32	30	31	36	31	33	23	23	25	18	24	37	27	19	28
21	30	38	30	22	26	30	37	27	27	33	21	35	36	26	25	24	29	23	19	25	23	35	32	28	24	28	35	30	27	29	25	34	24	30	30	33	31	32	31	39	23	26	29	31	28	24	23	19	32	32	27	26	32	32	26	26	33	33	26	29	33	26	29	33	22	32	33	22	32	21	33	45	23	23	30	36	41	53	41	47	47	38	46	39	33	35	32	41	37	43	32	32	28	12	28	25	18	32	30	30	29	30	27	23	34	27	16	48	29	17	24	21	31	26	32	22	31	30	33	24	15	33	33	17
24	19	29	35	34	26	25	32	31	21	18	29	34	29	25	31	18	38	34	25	37	31	32	31	24	25	26	26	20	32	30	29	42	32	31	25	28	35	34	30	34	25	25	16	41	39	24	36	23	22	43	28	28	23	31	26	41	28	28	26	31	31	29	31	30	30	40	31	37	21	25	28	26	38	30	33	31	39	54	48	48	46	48	40	32	47	33	56	38	36	28	34	26	28	37	34	41	19	38	31	28	28	33	48	27	34	33	34	30	18	34	23	30	34	35	30	18	41	36	29	19	24	32	27	28
25	30	18	36	28	28	43	27	33	27	31	29	26	24	26	36	29	34	40	27	35	32	31	29	29	29	26	20	36	39	39	29	23	31	27	25	23	33	22	25	24	31	24	31	32	30	29	25	27	29	25	30	31	27	29	30	30	29	34	40	31	30	30	27	35	36	31	28	27	35	28	22	41	27	33	37	48	42	60	54	56	50	51	53	43	49	45	47	38	33	33	35	31	26	34	35	30	40	36	26	23	24	29	32	28	38	25	30	28	31	29	30	32	31	31	25	28	34	26	23	25	25	27	38	18
34	35	39	34	28	29	30	24	33	35	20	27	34	37	20	18	42	37	27	35	20	40	23	27	24	30	29	22	32	33	34	31	33	46	25	39	38	30	25	27	25	30	27	30	28	27	38	30	19	26	26	26	28	29	20	34	28	25	39	39	35	30	26	29	40	38	30	39	35	37	39	32	29	34	26	32	37	57	47	67	64	65	57	50	54	34	41	43	46	29	43	29	29	37	28	42	32	34	37	38	27	34	26	30	35	31	31	24	29	23	27	24	34	28	29	32	31	36	36	31	40	26	45	31	26
29	37	29	32	27	37	33	29	32	24	28	36	20	33	41	34	24	33	41	28	25	43	39	32	33	19	28	31	20	29	34	27	33	33	31	35	27	38	47	32	32	37	22	23	28	32	19	32	33	31	29	30	25	39	27	39	29	30	34	26	31	33	27	22	31	31	35	23	30	34	23	31	25	41	29	37	31	34	45	69	63	46	62	48	55	48	52	42	45	46	38	32	36	43	29	44	34	32	30	25	41	36	25	28	26	26	49	34	28	27	39	32	24	27	40	31	44	32	37	39	42	32	32	33	30
32	24	34	35	24	38	26	37	31	40	30	42	40	28	31	25	35	28	24	31	35	34	24	30	29	27	40	37	38	20	32	33	32	25	33	34	28	24	41	34	35	33	33	43	22	34	41	33	35	34	43	25	29	23	36	37	29	17	31	35	35	39	34	36	31	31	30	33	30	36	41	36	24	33	36	36	32	48	36	53	58	71	81	49	63	50	39	29	37	34	31	32	44	32	41	46	30	31	29	46	24	39	41	32	40	32	30	33	31	23	47	30	32	30	32	30	29	21	35	29	35	31	29	39	30
24	29	32	36	30	32	38	38	29	33	31	32	33	34	36	42	33	31	32	31	38	33	32	32	38	29	34	35	35	29	33	33	40	31	41	36	44	34	29	37	41	28	36	43	24	29	31	34	37	33	34	35	38	39	31	28	38	20	30	35	34	19	24	39	36	35	40	35	32	19	46	29	29	29	33	30	40	52	44	51	69	67	63	66	59	50	52	46	39	25	42	30	36	44	41	25	30	35	30	34	34	32	30	28	38	32	29	33	29	36	23	37	43	41	36	18	42	39	45	34	35	27	30	36	22
33	29	44	39	31	51	39	24	35	34	37	28	28	40	32	27	41	28	37	33	39	30	31	44	43	33	33	37	38	25	32	33	40	31	30	35	28	36	30	36	39	27	34	33	31	26	31	34	27	28	40	34	29	43	28	31	29	39	39	37	35	46	26	31	30	35	25	34	33	30	31	37	30	42	34	45	44	42	50	55	67	66	79	72	41	64	36	45	45	45	37	34	36	42	33	55	32	36	25	32	41	30	33	34	46	34	37	28	34	33	31	28	26	46	38	37	27	32	34	29	34	30	36	31	28
40	43	35	26	52	42	32	39	34	34	43	34	39	48	36	31	38	31	36	33	34	38	26	39	22	24	33	42	33	33	33	37	29	38	38	40	36	32	30	30	43	39	39	42	42	38	32	34	29	46	22	27	30	33	33	33	38	36	40	31	35	44	34	35	41	33	24	36	41	42	29	39	38	31	39	42	38	46	39	60	65	86	75	54	60	50	51	27	48	34	38	36	37	35	34	44	23	27	35	34	33	43	41	36	38	27	30	37	31	38	33	34	34	32	38	32	34	32	37	24	42	31	40	35	42
38	26	33	35	28	35	28	31	31	44	43	36	38	26	24	36	36	29	40	31	39	44	43	52	37	29	31	29	41	30	33	31	32	28	30	27	28	42	27	29	38	31	41	36	39	37	31	32	40	33	41	31	39	38	38	31	32	40	36	27	34	29	29	38	38	43	39	37	17	37	24	42	25	46	45	43	32	50	41	53	59	61	60	59	62	53	49	51	28	25	39	41	48	37	29	34	32	38	36	28	33	43	36	29	41	33	41	29	35	34	37	34	29	26	37	38	45	35	28	29	37	38	41	42	33
26	33	34	31	33	35	37	38	38	23	38	26	41	35	44	34	29	42	30	42	37	31	45	33	39	41	32	32	36	44	45	36	36	35	36	36	31	31	48	41	27	41	44	34	36	31	43	41	35	42	44	50	32	28	37	43	29	34	29	30	26	30	32	45	30	47	42	39	31	32	38	38	36	44	36	42	54	42	42	52	47	70	55	56	52	57	38	29	37	47	33	30	36	38	39	34	40	34	39	36	29	36	31	45	31	29	27	38	44	40	40	30	41	32	32	29	34	34	25	35	42	40	35	37	33
44	32	42	35	34	32	36	43	33	37	24	42	42	45	41	34	26	37	41	38	35	35	34	32	40	39	48	36	46	43	28	36	26	41	47	29	44	35	32	36	35	32	36	48	33	37	34	33	45	24	39	42	39	39	41	44	26	29	32	52	28	36	43	44	41	34	38	33	30	35	32	47	56	47	48	56	44	53	50	57	51	62	55	66	53	44	47	42	35	44	44	34	37	28	36	26	34	39	35	37	32	35	35	39	46	27	35	30	40	40	50	30	41	31	31	30	45	30	29	48	34	37	38	41	48
43	36	35	48	33	40	42	31	30	38	42	36	49	39	49	40	43	48	37	38	37	41	32	29	33	50	37	38	41	27	44	41	37	44	36	41	30	37	38	42	43	27	31	37	43	44	42	37	26	37	38	37	34	39	36	36	45	41	38	42	48	31	35	40	36	40	44	41	32	31	48	37	33	54	58	55	72	64	74	63	72	55	72	53	54	47	53	43	42	41	35	30	45	40	30	38	43	40	53	35	42	37	35	36	38	30	34	38	40	37	26	33	29	38	33	37	48	35	34	45	40	42	33	33	29
29	46	49	51	38	28	38	40	44	44	42	44	42	39	34	28	37	34	40	47	44	34	40	33	43	41	47	56	32	43	50	41	36	39	31	43	48	44	40	44	32	43	45	32	42	49	35	36	42	44	46	40	37	30	38	38	41	44	38	33	44	42	27	47	42	46	39	43	37	31	46	46	37	58	68	75	76	76	83	71	70	67	56	56	65	41	39	44	47	50	44	39	44	52	41	33	41	38	35	40	43	47	39	40	35	31	47	39	37	38	40	35	47	40	29	33	36	52	34	32	48	34	34	36	29
38	46	42	41	32	32	44	42	39	43	42	53	41	41	40	45	37	27	28	40	34	41	44	48	43	46	29	29	30	45	34	33	42	33	43	40	31	45	42	36	40	41	34	41	44	35	40	59	35	42	40	45	55	26	38	37	29	39	41	53	30	36	33	23	42	36	36	33	42	39	34	48	47	50	64	80	84	92	83	77	66	57	43	62	48	37	45	54	40	34	38	38	45	36	46	35	43	29	28	48	49	44	39	49	34	42	44	50	28	42	55	43	38	39	36	33	29	32	47	44	26	40	46	42	42
40	41	50	45	49	39	36	38	36	42	52	35	39	38	43	36	47	41	45	39	32	46	54	39	32	46	34	51	39	41	40	40	44	48	31	41	45	37	44	51	32	39	41	36	50	39	50	40	37	42	49	39	53	42	39	31	37	37	39	47	39	42	39	48	40	38	53	41	42	38	41	34	47	51	57	78	87	109	97	67	77	68	65	54	63	51	48	39	37	45	43	46	44	42	45	52	39	44	52	34	40	37	45	48	53	41	41	46	43	35	46	43	40	44	45	54	45	41	41	41	39	49	42	42	32
38	38	44	51	36	39	37	47	50	44	43	53	49	56	57	37	53	44	44	60	50	49	55	27	43	49	37	42	41	44	40	38	46	44	42	29	31	34	49	44	44	50	36	43	51	38	44	43	62	34	53	40	29	31	38	38	35	42	45	37	50	44	36	38	38	39	49	33	45	36	42	32	57	46	58	73	99	119	103	97	80	72	65	59	53	42	50	46	45	47	37	46	37	38	39	45	49	48	37	36	60	41	50	49	41	48	37	50	30	48	44	42	46	36	45	43	38	37	55	44	37	54	50	40	42
45	53	45	43	48	30	50	37	34	45	48	46	50	50	38	38	42	33	38	40	48	41	45	47	53	43	45	47	40	39	51	44	39	45	47	49	51	40	46	46	55	46	52	58	47	48	44	50	34	45	41	34	59	35	44	35	39	52	47	45	46	41	54	43	41	51	42	43	38	51	44	38	37	58	55	76	82	102	102	95	70	73	70	55	40	48	52	57	52	40	45	39	55	34	41	36	32	44	52	42	43	36	51	45	46	51	45	38	38	54	37	37	44	42	38	48	46	56	32	33	45	47	44	50	38
39	36	45	48	43	47	48	50	51	47	49	55	44	30	42	39	41	47	36	64	45	47	40	52	31	52	45	54	52	46	44	44	40	37	42	53	53	43	46	55	46	50	46	52	50	50	35	59	42	53	40	50	50	39	46	35	37	49	43	49	58	51	46	37	43	48	39	44	38	59	49	43	46	45	54	74	102	95	90	94	92	73	76	48	49	57	60	56	43	40	53	45	65	58	52	42	41	50	57	48	46	55	49	39	35	56	25	41	45	46	52	51	52	55	42	40	53	36	48	39	34	56	31	45	46
51	53	49	51	60	35	51	49	63	42	47	52	57	38	45	44	40	39	57	38	42	46	34	37	39	39	41	36	45	50	42	49	44	46	50	47	42	39	50	47	55	52	55	51	39	56	43	51	52	46	47	48	43	52	43	53	61	43	42	56	45	39	43	52	35	49	47	52	54	35	44	54	60	48	54	60	80	97	93	98	84	84	56	56	53	47	38	45	56	45	37	51	41	40	59	41	48	47	44	52	47	46	48	35	49	38	47	42	52	42	45	51	47	51	35	32	49	52	48	32	55	48	54	41	43
45	45	50	60	60	43	45	53	37	42	51	36	41	59	47	51	41	52	41	49	51	44	56	51	39	55	50	56	47	51	36	47	44	48	44	46	50	45	57	36	51	54	42	56	45	40	66	51	53	50	51	53	53	54	42	58	52	61	47	55	54	41	56	44	51	56	50	50	42	44	43	53	59	45	53	51	73	81	84	80	87	84	55	60	53	61	47	54	46	45	49	34	44	51	55	50	56	42	54	51	42	65	45	46	52	62	46	52	48	54	48	53	48	44	53	46	40	50	56	42	54	54	48	54	50
59	49	54	54	57	50	39	55	37	52	51	62	48	40	44	41	48	52	48	50	48	61	64	52	44	51	45	56	54	56	60	60	46	56	42	51	46	45	47	54	50	54	45	54	40	61	44	59	52	48	54	47	47	61	43	49	40	51	43	59	65	39	63	44	35	50	50	35	55	57	47	50	55	55	52	45	62	78	78	73	75	69	66	56	68	70	54	47	55	55	64	39	50	55	47	61	42	62	44	56	36	52	48	53	50	55	42	47	57	54	48	45	61	42	56	53	56	45	57	55	44	45	62	52	55
51	43	48	58	48	51	45	63	45	57	44	56	60	66	51	65	44	40	49	51	59	49	70	58	45	49	56	61	49	44	57	54	46	52	57	41	55	40	50	58	55	57	43	51	50	48	42	47	54	64	58	45	56	59	48	60	56	49	63	60	45	38	43	66	45	60	61	43	52	57	61	48	41	50	62	54	74	64	66	73	92	62	48	68	52	64	44	51	53	51	50	52	45	59	60	48	44	59	47	38	45	43	56	51	52	45	49	44	46	36	42	44	42	52	49	43	45	43	61	59	55	58	40	43	60
40	60	52	50	51	51	55	53	67	40	55	49	62	50	54	53	44	68	55	48	56	45	53	58	62	55	62	63	60	68	62	53	58	52	49	50	60	48	45	48	49	73	52	58	56	58	46	47	57	72	47	40	53	66	49	51	53	54	53	56	39	46	48	54	80	51	60	57	52	60	55	48	55	63	54	47	57	58	58	60	72	76	46	62	66	61	52	53	65	43	51	46	54	57	60	50	62	62	43	44	46	43	73	58	61	66	68	58	50	48	62	61	58	52	45	42	52	60	50	53	56	41	43	58	45
60	65	57	61	56	54	49	53	60	60	47	55	43	46	58	56	64	51	42	44	54	49	41	58	46	52	59	49	76	58	57	41	59	53	48	57	63	60	35	45	57	55	60	52	60	59	55	61	51	48	45	76	60	54	49	52	55	57	53	64	47	39	56	58	58	48	42	53	57	57	62	62	46	54	56	55	53	65	57	51	73	77	51	62	55	63	65	68	58	51	61	55	51	55	61	61	49	61	28	55	58	53	61	54	46	55	60	57	47	65	45	58	56	60	62	49	55	44	57	62	57	63	70	55	57
50	60	55	57	53	56	40	52	54	60	68	56	65	65	56	51	56	64	57	44	45	54	66	56	57	66	61	46	52	60	52	53	70	62	59	66	61	61	58	56	50	64	43	55	54	60	66	49	57	67	61	59	49	68	60	54	58	53	49	53	59	36	57	69	56	55	59	70	61	65	43	50	59	69	72	58	64	60	63	75	66	63	69	69	64	53	43	66	54	67	45	66	59	58	45	42	66	69	62	56	45	55	63	67	58	63	53	59	73	53	63	61	51	59	45	53	42	59	65	59	52	62	52	54	58
57	55	44	54	56	74	62	66	55	47	49	56	52	42	55	67	60	50	59	68	77	70	63	72	67	53	52	51	52	72	59	52	61	63	58	60	54	53	58	46	54	74	58	67	57	56	53	61	42	46	51	50	66	46	67	62	50	54	55	54	61	55	50	62	59	52	49	60	48	60	64	72	72	39	58	53	58	53	67	82	50	53	59	66	59	68	58	65	48	58	65	52	51	55	61	64	59	63	54	49	55	57	51	56	59	54	63	57	62	67	50	67	59	59	54	49	62	56	58	48	61	54	40	69	54
51	55	63	61	73	63	56	64	59	64	51	65	56	72	50	55	54	55	57	58	42	58	60	51	42	71	59	53	56	63	47	62	73	57	62	74	61	63	62	57	64	63	53	49	48	49	57	51	69	63	50	56	54	58	71	58	72	50	65	73	58	64	54	62	65	62	68	63	49	56	63	63	61	59	63	49	69	61	55	58	56	69	59	71	51	57	57	52	71	74	54	53	52	56	60	46	63	42	51	67	57	47	66	59	64	58	53	66	54	48	50	63	51	64	55	65	68	51	58	66	55	59	64	65	55
58	77	61	69	44	69	61	59	66	64	63	66	70	59	68	59	51	66	65	59	63	45	67	67	56	64	60	71	49	64	56	64	87	55	60	63	64	56	65	55	67	54	57	54	55	50	54	60	55	65	57	56	58	51	69	55	54	68	63	62	65	73	67	58	60	69	78	52	62	51	51	53	68	57	54	57	58	65	68	62	63	67	67	69	54	66	58	42	57	59	70	51	54	62	55	59	59	49	46	65	53	72	56	65	48	51	54	44	55	58	50	60	68	61	57	56	69	66	64	53	63	54	69	55	58
66	66	60	64	61	61	57	83	56	54	69	60	76	65	71	62	62	64	54	48	69	68	62	48	67	55	58	54	56	60	50	78	76	58	57	68	59	50	65	67	70	65	66	58	55	62	56	57	56	69	56	60	63	57	64	59	60	64	60	55	59	71	68	77	61	46	64	50	64	59	51	58	60	54	52	63	66	66	62	42	68	56	70	67	68	71	67	62	60	56	61	64	66	62	66	57	59	58	62	63	57	57	70	61	46	62	60	63	50	53	65	68	71	59	68	51	45	56	66	57	77	65	63	59	61
74	72	61	56	52	54	58	61	58	55	61	65	54	74	66	67	72	51	62	51	63	60	63	50	59	69	58	56	60	47	80	62	64	58	65	60	53	67	77	62	64	69	68	57	56	78	55	69	64	64	57	52	60	60	62	64	53	51	61	68	55	64	56	57	58	42	61	68	51	66	48	72	60	45	72	62	58	51	66	56	45	57	64	54	69	63	55	65	67	65	57	53	52	54	59	72	76	72	52	60	73	61	64	67	68	74	74	51	67	62	70	65	60	61	59	53	70	53	81	51	62	61	54	62	51
54	72	49	57	52	70	57	66	65	60	54	64	71	59	71	65	64	60	64	54	51	64	61	72	77	43	77	56	61	72	47	63	56	62	61	61	64	53	59	55	67	56	75	60	64	64	62	64	52	48	64	53	52	59	66	59	56	51	66	55	62	59	59	46	71	64	50	72	69	72	52	74	77	65	55	43	64	54	72	53	82	65	67	59	60	60	56	66	63	71	86	67	81	61	59	68	49	57	58	64	54	63	62	60	80	62	76	52	59	56	64	50	61	60	64	46	45	69	61	64	54	57	72	45	63
45	59	64	55	78	65	60	57	55	79	59	52	49	73	73	69	74	60	66	57	65	49	51	59	52	59	50	68	66	56	72	79	70	64	67	48	70	52	52	51	64	48	53	55	68	54	67	56	65	81	63	59	63	62	60	58	50	53	68	47	53	60	53	70	63	54	59	65	67	50	65	73	59	56	56	56	69	74	62	75	75	56	48	71	57	64	57	47	46	63	62	51	58	60	72	76	72	54	57	55	61	60	54	51	68	55	62	60	63	57	57	54	76	64	53	59	63	67	63	72	64	63	55	61	57
66	57	60	57	60	47	62	73	57	72	67	67	57	55	72	60	56	69	76	72	60	67	54	67	66	52	72	48	65	66	73	58	60	67	63	50	58	63	66	52	54	64	54	62	66	66	66	59	63	59	65	60	48	44	46	38	65	57	54	59	58	64	55	53	49	61	57	61	70	60	61	54	62	57	80	60	62	44	63	49	53	59	59	51	54	55	74	59	73	64	61	62	54	59	66	64	61	58	51	47	70	61	61	50	59	57	58	57	37	64	60	54	45	56	60	61	55	53	56	50	58	52	48	61	53
