123	145	122	138	134	129	119	127	139	156	127	130	138	156	159	141	156	164	157	158	185	173	190	189	228	237	216	241	203	201	224	198	178	165	168	140	138	129	127	144	121	113	124	140	113	109	125	112	134	125	134	123	126	143	141	118	106	127	124	131	107	120	131	120	126	128	106	114	115	148	138	113	120	134	128	113	127	119	118	132	117	120	115	122	129	120	130	124	99	109	131	137	130	115	135	126	118	126	132	136	104	115	117	124	151	110	121	114	128	111	118	109	107	122	133	138	134	106	112	115	118	119	100	100	117
130	130	121	124	128	133	131	162	133	146	140	121	144	131	128	180	139	164	155	137	180	184	219	193	208	227	232	207	207	191	206	152	173	161	175	130	154	150	152	131	132	129	123	147	119	120	125	145	123	121	126	123	144	145	116	130	118	127	130	118	144	149	109	136	131	128	136	140	120	125	106	126	106	127	141	111	104	113	129	126	137	127	140	130	123	116	125	123	138	142	112	127	136	134	136	140	119	125	131	130	129	125	146	126	120	112	130	127	128	142	121	119	115	132	118	121	112	122	130	132	123	135	114	126	121
123	126	143	117	122	155	130	153	143	152	121	144	136	141	168	150	136	186	188	195	166	191	222	205	197	232	195	248	229	202	168	204	185	149	138	146	162	116	136	147	137	153	122	144	127	122	129	144	126	140	104	138	143	134	128	117	114	127	118	123	123	132	143	116	115	126	128	128	113	112	123	141	139	125	131	133	124	109	102	137	114	109	109	113	125	126	141	137	136	146	142	129	132	109	145	129	122	125	134	116	114	122	120	117	125	124	122	115	121	107	107	109	142	123	122	114	129	123	130	128	133	143	133	103	105
146	121	121	147	114	148	140	164	144	129	134	136	150	149	140	154	173	173	179	204	217	183	222	241	254	231	224	201	214	182	197	194	167	148	159	137	128	148	123	123	139	136	137	133	120	121	160	130	136	126	128	116	133	124	146	134	140	142	138	109	131	129	137	134	109	136	116	137	131	138	122	115	135	123	144	125	125	155	126	120	134	101	121	138	115	120	113	129	133	133	124	115	131	128	146	126	121	131	133	148	105	126	109	122	135	124	131	114	117	121	117	136	128	126	122	122	128	115	118	123	123	113	125	128	113
120	133	136	117	136	151	159	139	161	146	153	134	169	194	145	177	194	208	204	204	231	221	223	218	219	261	221	226	196	203	184	171	165	127	170	151	136	135	137	117	142	143	168	149	127	130	129	120	161	129	135	140	128	133	129	132	140	136	114	136	140	138	148	145	125	131	135	125	126	111	126	128	139	136	122	115	117	115	132	124	121	126	115	122	109	137	111	110	138	122	108	118	123	124	138	116	117	135	146	107	115	146	133	120	127	138	131	98	116	129	123	103	133	145	119	113	112	142	127	125	136	122	111	127	121
123	135	135	155	147	151	141	139	157	150	144	145	161	169	179	197	215	207	219	215	248	252	219	241	257	222	233	234	184	172	187	178	154	170	159	140	134	154	137	136	152	126	135	118	143	135	142	132	127	141	162	121	111	133	127	154	128	116	148	142	139	136	138	163	145	140	120	126	133	129	143	127	120	126	143	126	135	129	139	125	123	153	95	133	117	118	135	122	131	137	139	125	139	125	114	135	131	144	148	138	117	141	135	133	111	127	154	144	116	140	122	132	129	134	114	134	149	112	129	130	127	121	119	127	125
136	150	151	137	147	139	146	168	170	166	174	164	183	161	186	189	220	232	242	241	240	261	245	230	207	244	224	224	189	161	165	183	149	140	157	166	134	140	147	157	106	152	140	137	135	133	135	139	137	161	139	157	125	145	128	145	164	142	146	152	128	132	147	130	138	132	146	151	132	127	144	136	125	130	147	153	127	141	131	121	167	131	127	138	170	139	132	149	133	130	131	141	143	144	141	126	123	136	136	119	136	143	132	129	120	136	112	138	142	143	128	139	132	118	152	122	126	131	115	158	125	143	132	116	118
168	149	175	139	140	150	157	142	146	168	165	154	190	160	209	203	225	214	234	270	298	277	286	233	238	222	230	218	179	173	178	183	154	148	123	148	138	143	145	136	148	139	135	115	137	141	136	146	144	154	145	125	128	154	149	173	142	142	138	131	135	157	143	133	137	141	139	136	129	148	131	117	140	123	143	134	166	135	121	123	118	137	113	125	138	142	124	152	139	127	117	129	142	131	146	138	128	149	142	148	129	131	136	130	138	129	139	149	152	157	140	127	143	132	157	107	132	131	147	150	142	135	143	140	120
148	134	151	154	162	155	172	150	170	186	163	174	224	217	231	258	256	263	261	280	303	273	257	258	228	237	204	186	179	194	161	152	176	142	137	156	158	137	138	155	166	136	132	151	130	130	129	151	129	151	130	146	123	146	147	146	135	125	167	151	129	117	133	148	129	130	140	139	151	175	143	142	159	151	112	168	123	153	136	127	138	124	130	147	143	126	137	134	137	139	138	152	145	143	141	129	126	138	138	144	148	130	142	141	120	148	153	148	150	140	128	139	121	129	128	131	127	131	147	133	132	129	133	133	152
162	145	164	157	160	163	166	179	179	158	179	199	213	252	241	254	264	309	298	260	288	284	261	246	251	245	192	181	202	169	167	158	138	158	160	162	155	135	131	139	122	134	155	163	167	159	160	139	162	140	122	140	162	125	139	144	143	115	142	153	156	133	149	138	142	124	140	126	140	134	138	133	147	146	145	140	137	156	150	139	135	118	139	139	131	133	142	135	131	122	129	134	133	122	150	136	154	153	141	139	160	146	145	138	141	141	135	123	130	143	123	149	169	147	134	100	131	154	128	127	130	148	148	138	138
168	153	161	153	171	159	156	179	158	167	209	200	253	241	238	260	284	292	296	275	289	303	274	254	269	235	210	169	173	165	151	162	160	166	171	139	130	155	127	145	142	144	159	137	149	150	137	138	131	159	152	142	127	136	143	148	149	138	137	141	157	151	136	138	123	160	138	163	128	157	139	130	141	134	142	143	139	132	148	164	132	161	161	147	139	155	128	126	121	132	144	127	155	167	163	133	154	120	134	135	129	143	152	149	136	137	136	155	142	116	127	140	150	141	136	144	153	132	135	132	147	141	129	149	123
150	164	163	192	146	175	192	190	196	192	219	225	261	265	285	285	301	292	337	325	292	298	258	266	255	215	192	171	160	163	172	154	141	151	162	184	140	152	148	160	182	158	138	157	158	153	140	168	143	147	147	139	147	155	142	139	150	139	152	131	147	134	158	130	137	124	142	168	140	152	164	142	156	134	143	143	158	134	153	129	144	149	143	157	167	151	135	147	133	140	136	152	130	134	131	138	137	119	135	172	122	160	143	131	160	144	127	134	145	123	133	181	143	152	161	142	128	141	133	170	171	145	135	143	136
190	178	182	167	196	184	195	238	204	221	217	238	239	279	271	313	310	350	325	334	315	282	280	247	248	216	236	186	193	183	173	170	167	163	167	150	149	164	145	139	138	150	158	163	157	178	145	146	145	120	127	144	140	146	181	154	154	165	162	145	141	148	160	146	153	191	141	141	141	133	153	155	136	138	143	156	152	146	130	141	157	140	159	154	145	143	145	132	161	137	125	138	146	156	164	161	150	166	134	144	132	142	154	166	155	144	139	156	131	130	128	171	159	157	135	130	156	139	147	145	147	159	137	140	150
197	210	188	191	200	220	219	202	188	198	245	220	256	289	331	343	334	335	340	330	302	309	279	238	229	218	188	176	190	159	163	155	151	158	155	161	160	151	184	157	148	151	140	165	153	168	152	172	139	140	142	145	144	161	139	166	156	153	135	150	145	166	176	133	173	157	148	157	152	159	159	173	165	154	118	131	140	165	138	149	160	144	161	143	161	166	123	136	123	152	136	140	149	139	148	156	143	149	136	154	135	149	146	138	166	141	138	148	136	125	155	136	151	161	165	133	140	143	165	149	155	152	144	143	143
207	247	225	209	229	221	220	242	233	254	223	243	282	314	312	327	359	336	339	337	304	283	279	249	218	205	203	182	179	195	197	152	150	155	140	159	173	163	151	140	160	160	153	162	146	149	156	148	130	136	166	153	164	142	150	175	143	146	138	154	154	146	162	154	156	153	155	149	176	155	180	160	164	145	134	140	153	169	144	136	155	151	140	125	154	143	146	123	148	167	133	168	155	159	159	134	144	165	166	154	166	154	151	174	162	162	165	137	168	136	157	161	192	146	153	154	149	162	164	133	147	158	151	135	136
201	220	245	242	251	249	225	283	306	297	295	300	285	330	378	366	401	350	317	328	306	325	248	250	224	199	237	171	177	155	180	173	148	146	173	156	171	166	181	156	170	158	167	159	160	195	158	167	163	166	154	157	147	159	143	167	170	163	153	160	159	158	176	160	154	177	163	157	156	143	136	154	166	150	156	161	174	137	133	139	166	151	161	136	154	168	161	161	139	154	179	149	155	159	149	142	148	155	174	139	138	136	154	133	125	157	170	146	161	135	149	157	152	159	150	168	153	153	141	163	167	148	154	172	157
205	234	275	282	288	259	317	329	301	319	319	315	371	332	417	390	364	362	367	308	301	279	216	229	214	197	198	171	172	190	171	177	147	165	169	158	169	161	157	159	143	154	158	154	156	136	160	177	157	156	161	154	171	186	163	168	162	159	147	159	147	143	163	172	166	181	160	172	161	192	150	169	149	183	166	156	163	164	158	172	169	185	167	165	159	141	133	153	150	151	169	153	166	148	150	148	125	135	138	168	141	166	134	178	155	179	153	148	136	145	149	178	151	160	162	156	148	133	162	159	153	148	148	163	128
221	263	285	320	343	324	397	388	387	411	381	384	382	396	398	406	406	376	333	339	320	272	204	224	205	195	198	172	160	189	159	163	174	168	183	173	154	187	181	153	155	154	168	163	176	166	162	168	167	163	146	171	161	198	192	164	156	174	169	153	159	158	183	150	172	130	171	158	186	172	157	139	159	160	160	168	167	144	182	156	167	159	162	161	172	164	157	139	173	141	168	179	166	143	166	147	161	137	151	135	152	160	166	156	174	136	175	155	149	149	162	177	153	169	151	157	165	157	146	159	150	145	167	160	148
238	263	297	367	389	448	433	498	463	467	443	471	483	433	433	405	344	364	340	341	303	242	250	219	226	205	194	161	185	175	200	191	179	168	184	145	172	163	163	160	177	189	158	172	161	180	169	182	189	175	188	154	142	161	164	179	187	163	162	169	152	153	169	156	164	190	151	170	176	157	150	157	192	156	181	199	146	182	169	175	182	156	156	182	165	176	152	182	175	183	162	171	182	174	173	171	176	157	152	169	180	154	179	179	168	168	196	177	170	158	160	154	190	173	165	168	159	165	167	170	161	162	173	151	161
223	269	323	377	457	572	582	614	562	626	584	539	511	477	434	393	375	374	353	315	255	256	234	206	200	198	217	202	194	168	171	164	154	193	190	190	168	182	155	209	167	180	178	189	177	169	148	164	173	175	170	192	171	195	170	171	161	179	176	177	190	158	190	200	187	165	164	174	176	186	190	178	154	148	150	166	192	157	185	194	186	167	172	170	154	164	171	153	173	184	168	149	170	185	176	137	147	160	182	176	174	174	181	168	162	161	187	192	167	176	175	181	167	181	157	149	153	178	166	176	176	184	172	178	164
215	243	311	350	482	621	719	794	757	709	669	641	594	538	515	391	410	383	325	313	292	255	207	257	206	196	196	211	196	180	177	192	180	184	179	180	193	161	167	183	171	177	183	183	183	205	166	187	167	188	186	178	178	182	189	171	174	188	207	173	180	203	196	178	191	171	159	192	159	198	177	176	184	170	159	156	173	157	153	187	149	161	153	172	159	185	175	194	185	174	148	173	183	153	183	157	179	169	171	191	192	181	180	185	181	168	152	185	180	181	164	193	199	173	167	169	178	192	174	173	169	180	176	160	158
224	253	290	408	465	653	819	889	939	870	761	706	642	563	483	450	384	378	329	304	295	234	217	223	227	203	182	207	205	192	200	182	188	175	197	192	197	160	177	181	188	193	179	191	171	191	175	170	167	193	177	175	171	182	184	184	174	182	172	187	184	180	199	203	152	190	177	177	173	172	184	186	189	165	196	171	190	171	165	157	184	164	175	182	179	173	172	168	169	165	184	188	181	205	191	173	192	165	181	183	193	175	163	193	173	185	187	163	208	168	156	199	190	179	175	159	187	162	170	181	166	186	150	205	172
218	273	299	380	522	657	846	1020	1158	1025	969	834	723	604	515	459	413	355	289	290	246	241	217	208	221	213	191	224	201	190	182	188	201	174	201	196	206	189	206	198	166	162	193	178	186	206	183	188	191	211	195	184	185	204	207	184	190	195	197	198	192	183	181	205	180	178	183	183	182	190	178	181	192	195	218	183	162	192	183	169	197	170	202	180	193	179	175	196	184	208	203	196	203	181	182	179	180	185	171	163	179	148	209	180	189	176	188	175	190	188	195	191	202	208	194	182	183	172	195	178	176	194	175	189	190
238	291	267	333	442	598	849	1025	1263	1206	1092	920	709	599	581	426	394	304	328	296	250	230	246	240	228	183	198	218	188	191	191	189	188	199	194	186	195	178	196	205	194	185	175	203	217	204	221	205	194	205	196	176	166	167	211	159	188	178	188	204	210	208	205	173	192	170	199	210	197	184	192	195	188	198	197	174	226	188	187	189	159	183	180	168	183	172	176	200	173	199	202	193	189	177	182	198	192	168	215	186	184	169	179	200	187	178	173	182	197	188	190	174	183	191	209	209	168	197	166	190	178	214	215	177	180
248	284	281	362	431	506	805	999	1193	1273	1185	1005	818	626	512	451	374	339	305	298	276	258	238	202	193	191	195	206	187	211	216	202	207	199	200	214	175	194	211	180	205	220	216	191	205	180	187	186	195	186	206	198	147	181	178	184	199	182	191	209	209	206	216	192	186	200	176	193	179	168	198	166	175	199	199	202	179	170	212	202	182	197	181	205	217	184	195	174	200	170	196	197	209	190	205	209	216	187	202	195	206	181	188	178	221	185	200	189	178	214	203	191	213	175	207	165	194	198	182	197	178	180	195	199	180
253	282	297	340	382	509	687	949	1149	1288	1257	1041	796	645	505	427	404	332	279	256	243	264	233	237	215	191	202	177	195	197	199	198	207	205	213	212	212	215	198	182	184	199	222	192	198	202	189	206	210	211	193	202	201	184	192	195	192	154	198	193	190	182	180	179	185	213	194	161	194	214	189	200	189	169	200	185	186	191	166	177	203	175	205	191	197	194	166	178	198	185	165	184	180	193	179	198	196	159	195	183	197	203	190	206	178	191	212	203	173	179	193	215	208	199	186	179	199	200	188	206	210	203	195	196	165
291	267	295	333	386	492	619	924	1149	1236	1271	1049	898	660	494	415	375	349	258	267	240	250	230	224	217	221	207	192	189	203	223	186	204	202	179	204	207	215	189	213	199	190	183	203	194	199	185	215	183	217	182	190	194	219	208	216	190	178	199	189	185	196	191	205	214	188	206	200	191	184	200	223	197	203	199	182	205	162	173	217	199	193	172	187	231	197	210	194	171	197	182	171	196	189	189	178	205	194	212	203	208	185	183	190	180	186	210	194	191	194	192	202	183	194	188	187	202	185	195	189	177	189	181	181	181
300	322	282	400	442	467	633	797	998	1180	1098	1004	794	677	517	422	347	319	271	277	234	200	218	202	191	199	202	210	219	199	185	215	199	199	211	208	203	187	193	201	206	197	203	204	184	177	186	200	175	198	205	178	189	189	215	208	160	180	198	191	192	205	206	190	218	177	190	194	187	181	194	201	181	176	188	207	200	195	190	174	198	191	191	161	183	177	193	205	194	180	187	185	178	184	175	182	209	197	196	173	204	205	159	188	174	167	200	207	181	179	162	189	190	193	167	194	195	204	187	204	172	188	178	177	171
378	370	342	408	434	500	622	719	869	1045	1062	940	779	604	493	366	319	308	262	261	243	220	207	199	207	190	221	202	201	190	168	199	186	179	192	210	203	185	180	188	182	233	181	199	200	200	194	195	186	209	192	182	173	186	197	202	181	202	190	183	184	177	190	212	221	185	200	183	184	201	167	156	189	178	193	173	178	203	189	199	190	192	189	175	183	183	196	190	181	180	184	179	169	190	144	181	177	180	189	186	167	193	207	187	176	201	175	178	196	195	179	164	188	196	180	192	192	200	190	200	171	190	190	156	156
397	437	455	507	547	576	700	757	864	919	862	829	703	564	415	354	285	257	281	208	207	215	221	222	193	167	158	198	220	191	184	187	203	185	200	173	196	186	201	156	195	176	199	184	208	207	213	192	189	170	181	206	195	204	181	161	202	167	167	190	183	186	176	199	187	184	213	194	177	189	178	189	165	185	166	177	213	179	172	204	194	201	191	177	161	192	197	175	195	185	185	177	187	174	176	196	197	178	186	193	153	192	181	186	183	170	207	184	199	224	211	177	180	175	188	198	170	191	183	208	196	172	177	191	194
421	470	563	678	754	788	799	771	785	877	865	743	600	488	425	335	286	245	203	228	216	227	212	207	202	191	200	207	182	191	199	178	180	205	187	178	192	205	220	199	207	190	174	187	198	206	190	192	185	207	191	188	230	200	195	176	187	195	218	175	193	187	197	178	196	190	178	170	200	194	182	204	180	219	185	170	182	178	190	168	169	215	207	212	200	193	171	202	185	184	179	182	201	179	202	174	200	214	212	169	198	183	175	186	183	188	183	199	193	190	175	187	200	216	190	180	180	187	177	190	207	174	190	197	188
456	546	736	925	1033	1047	951	886	795	779	755	657	571	453	381	325	296	276	236	248	204	219	174	192	180	201	192	192	201	184	221	192	179	199	220	218	221	195	208	198	193	190	192	201	199	201	205	214	198	204	192	195	195	187	185	214	185	211	211	194	197	193	193	187	204	202	209	204	187	183	203	198	226	185	183	182	190	189	183	200	181	170	181	185	206	169	194	183	179	193	192	170	215	205	185	182	195	197	206	181	186	191	175	190	198	179	199	189	190	202	210	193	212	221	187	208	180	191	193	186	178	184	184	212	174
438	577	874	1184	1351	1273	1154	987	892	772	679	592	517	462	393	302	254	263	241	224	222	215	204	217	215	217	206	196	210	195	202	204	196	180	199	206	181	206	188	184	223	232	206	189	219	213	207	197	197	192	188	186	220	204	205	230	226	203	219	222	216	223	208	182	222	196	230	207	196	212	193	194	193	205	191	192	207	208	221	170	223	184	190	202	199	196	187	188	210	197	175	198	218	208	184	206	198	192	194	216	199	190	203	209	218	206	190	188	203	202	183	202	169	219	202	216	215	215	194	195	189	195	189	188	192
411	580	982	1314	1636	1629	1362	1224	999	823	672	567	481	398	337	300	257	248	253	211	205	229	195	226	192	188	222	219	196	225	192	189	220	210	220	203	206	231	229	210	184	217	202	216	212	224	217	224	210	201	202	207	183	206	201	194	211	229	173	200	198	179	201	170	215	225	199	221	194	187	213	180	172	200	197	205	200	214	189	197	233	190	210	220	162	200	180	212	191	216	222	196	190	188	192	209	190	215	213	186	210	207	203	180	193	195	180	205	203	201	202	207	202	193	193	197	214	224	201	213	204	209	198	205	198
370	547	927	1413	1755	1943	1757	1443	1103	849	680	524	458	396	340	276	299	229	247	219	249	233	212	175	218	193	224	201	222	240	211	230	205	191	201	193	213	235	191	186	182	186	210	190	200	204	171	213	216	248	231	196	208	219	191	203	207	214	214	199	218	213	204	208	214	198	189	212	205	212	203	214	188	216	183	185	216	227	185	195	219	174	213	181	179	193	186	198	207	188	191	191	206	217	195	210	203	195	224	199	207	194	200	191	194	201	225	183	214	171	193	208	221	197	208	200	215	182	203	203	198	226	166	183	205
340	479	899	1297	1803	2077	1968	1621	1204	907	681	487	416	363	341	277	300	264	250	228	221	198	210	189	204	188	190	212	217	199	202	198	198	183	249	209	231	196	215	219	194	196	196	216	224	187	231	217	169	209	185	202	171	202	189	177	221	207	202	189	211	184	190	186	219	210	232	199	205	197	199	199	215	191	191	205	199	178	206	204	207	212	193	204	193	199	181	183	212	200	215	182	180	186	214	157	197	207	211	203	216	207	194	207	190	180	165	205	201	198	208	203	200	187	183	200	212	194	212	214	204	178	199	199	212
278	433	722	1172	1600	1900	1955	1674	1212	918	699	520	410	350	299	300	237	217	254	190	223	213	188	229	168	191	225	202	204	215	218	192	215	185	200	199	186	204	196	177	188	191	196	224	193	193	185	213	199	174	197	202	219	213	211	168	198	188	200	194	210	214	193	221	205	175	179	209	184	192	184	220	200	185	218	182	194	174	190	184	177	197	185	203	192	198	200	189	197	204	218	204	171	190	169	172	196	206	179	182	200	194	194	167	223	180	204	184	164	197	193	189	214	192	197	210	182	193	201	189	215	203	204	205	197
254	342	566	985	1389	1773	1821	1656	1237	845	644	459	377	317	276	281	274	211	218	208	192	196	190	197	207	194	193	199	195	189	187	183	203	182	195	185	184	189	206	208	180	208	215	188	189	195	222	187	200	204	167	184	198	198	196	192	194	171	170	199	221	180	189	182	212	163	211	196	152	199	188	172	177	214	185	188	208	207	175	193	177	192	189	180	200	196	180	207	190	172	198	175	189	201	170	206	180	175	187	194	168	197	182	188	201	210	165	172	204	174	184	191	172	179	195	198	160	200	196	171	177	163	179	170	192
220	294	459	731	1076	1488	1516	1329	1075	794	598	432	343	320	250	225	203	202	220	185	200	175	185	188	189	169	180	192	176	191	172	192	164	183	187	177	168	175	187	174	176	173	169	178	175	194	162	184	183	181	179	154	172	200	177	182	167	175	171	167	177	160	164	221	191	167	164	177	181	168	194	192	174	162	177	154	176	195	220	157	172	179	185	174	171	152	135	166	170	188	154	159	183	170	162	152	178	156	171	172	172	191	183	161	157	177	192	173	166	175	160	187	190	169	171	166	170	194	158	162	189	158	186	184	153
211	249	383	558	811	1081	1174	1099	909	723	462	390	289	271	253	222	199	191	178	178	152	183	187	177	167	173	191	170	174	162	171	179	188	154	168	194	152	159	178	170	158	179	167	159	148	170	167	146	170	184	182	165	165	182	167	183	172	171	151	174	163	186	180	166	185	150	174	161	153	137	169	157	166	168	170	171	163	175	175	143	165	169	161	175	164	139	155	165	139	190	145	163	170	198	169	148	166	161	160	172	171	174	147	149	157	182	166	176	157	151	159	170	161	160	156	163	168	161	153	177	156	169	173	177	176
193	244	292	447	579	772	902	902	728	530	459	340	292	204	209	204	167	156	180	166	167	156	186	148	167	141	152	167	155	136	172	164	153	151	150	170	160	172	162	172	151	137	158	165	165	151	144	163	175	180	146	170	157	143	159	144	176	147	131	145	165	154	157	143	145	154	133	135	139	157	166	167	169	144	153	139	162	166	157	143	156	152	159	136	127	150	145	142	151	154	147	137	152	167	159	180	166	175	147	164	150	134	153	166	129	154	159	145	171	155	140	147	170	162	131	157	147	166	157	163	163	163	141	164	145
182	202	272	366	496	614	686	688	563	468	365	271	256	198	187	162	172	155	160	150	185	152	157	169	152	152	163	149	151	167	147	168	159	161	173	162	142	150	162	130	161	143	151	169	146	143	163	157	140	163	124	132	170	164	138	132	145	154	150	138	148	166	153	157	162	134	155	163	149	164	156	155	151	149	138	145	166	155	155	170	139	145	134	136	140	132	157	144	168	126	129	128	134	144	142	128	142	140	143	133	143	136	142	125	141	128	155	143	165	138	120	151	142	157	158	157	158	144	149	167	140	138	135	149	126
152	207	219	287	384	492	521	568	450	352	346	237	218	189	156	181	148	150	163	157	160	150	140	139	127	151	139	139	159	138	147	134	149	132	156	134	134	139	165	132	129	140	157	147	124	141	165	129	147	136	140	134	138	123	161	139	141	127	151	151	148	137	146	130	144	148	135	146	145	148	143	120	146	131	126	131	130	142	145	120	128	127	135	140	137	146	121	122	140	116	133	133	131	144	113	150	125	141	125	171	122	142	137	124	145	155	121	124	126	135	118	150	146	143	123	145	144	142	154	129	123	137	137	129	141
155	160	166	263	302	358	406	446	347	304	228	214	202	181	160	165	128	142	142	154	136	116	138	150	133	140	130	138	150	139	123	125	133	154	117	113	131	115	136	144	137	139	132	135	143	140	151	137	128	135	125	125	132	140	122	124	131	138	125	137	126	154	138	143	134	121	124	117	151	123	145	154	113	135	131	124	126	120	114	138	123	129	130	128	113	131	123	125	133	115	141	118	130	133	119	137	130	135	115	116	113	126	128	122	147	127	138	127	117	128	128	122	141	102	147	114	129	120	116	122	146	122	133	138	119
139	169	188	223	280	297	320	315	288	252	213	184	161	141	141	132	128	132	128	125	122	122	148	133	133	151	136	112	117	116	133	134	116	122	125	118	121	117	114	129	145	145	118	119	128	145	111	113	120	124	127	130	139	128	110	140	120	96	127	138	123	127	132	131	121	128	153	130	137	132	140	118	121	131	123	129	131	109	106	111	126	113	125	109	106	114	139	113	148	109	110	125	121	147	116	133	114	110	111	106	113	114	118	126	129	122	108	108	124	111	116	115	125	123	118	137	136	119	114	115	122	120	143	131	108
106	135	167	183	244	263	242	238	245	199	160	161	138	136	120	126	141	144	133	134	93	133	101	120	112	124	124	114	110	111	123	124	91	124	136	123	125	113	119	123	126	107	124	105	131	126	111	114	104	103	120	119	109	127	111	123	103	118	113	104	139	131	133	122	126	119	126	111	118	134	95	119	112	108	131	112	121	110	111	101	117	113	114	109	111	123	124	121	110	96	126	105	89	110	95	127	107	106	116	101	109	100	104	120	114	99	102	127	113	87	109	112	108	118	120	112	109	110	103	114	110	113	87	135	114
113	141	155	183	177	258	180	220	196	186	146	132	141	132	111	129	109	132	107	126	119	98	106	107	101	118	105	128	101	116	114	117	114	105	97	103	126	98	105	106	111	113	112	123	122	106	97	107	91	110	99	103	102	112	103	111	97	134	106	132	123	121	126	110	104	119	92	104	95	108	110	93	85	104	106	105	112	110	101	102	85	111	99	111	109	96	109	94	97	101	117	107	99	105	102	93	109	89	123	121	113	104	113	108	108	97	93	94	91	113	103	105	103	104	93	111	111	121	99	120	106	108	121	92	106
126	128	141	190	193	185	213	169	134	148	149	125	119	110	101	103	116	103	107	121	97	98	108	120	99	104	102	94	114	79	102	107	117	108	100	103	116	112	95	107	88	105	103	88	106	106	119	83	115	92	111	108	100	116	109	120	120	83	105	99	94	105	111	102	91	99	94	123	87	93	80	76	98	96	104	94	102	83	91	91	86	102	120	97	84	87	105	90	110	100	98	85	88	90	82	86	85	71	94	117	108	78	105	105	99	96	113	86	89	88	116	109	96	97	91	93	118	105	81	102	115	93	92	87	94
84	96	123	139	151	156	185	172	147	107	145	106	107	111	103	95	80	100	102	121	116	79	120	100	102	80	94	106	97	79	97	109	89	92	95	83	93	95	77	104	96	109	99	99	89	102	85	117	99	98	103	101	120	82	107	99	121	91	108	82	96	106	89	101	101	103	91	86	86	118	68	73	97	85	93	91	85	79	87	89	69	88	84	80	106	93	93	82	87	94	92	97	93	76	100	87	84	88	110	87	92	98	91	99	86	114	99	95	97	95	102	100	96	114	100	97	101	81	82	106	96	97	83	91	75
97	98	134	127	137	142	183	133	128	121	114	106	100	99	79	91	99	92	74	89	79	94	96	115	77	105	90	102	96	119	96	95	97	103	83	92	94	81	101	100	90	92	85	90	85	103	88	92	109	104	89	107	90	104	91	89	73	71	95	102	105	90	87	84	100	96	83	78	82	80	81	79	72	68	97	78	95	89	82	92	87	93	94	84	91	76	101	78	97	101	60	94	85	105	88	88	86	91	83	72	80	73	70	72	105	93	87	82	92	83	95	87	102	81	80	78	85	81	83	94	96	98	78	81	74
94	88	115	117	113	145	124	125	113	112	88	98	101	91	105	95	91	89	92	74	103	87	81	103	90	87	98	88	99	84	92	82	100	75	88	94	86	100	88	78	81	98	77	86	78	77	96	96	93	86	91	91	91	81	81	98	83	94	101	82	75	112	105	90	90	82	90	80	92	72	68	74	84	60	94	74	89	79	85	70	86	87	77	95	84	87	79	72	86	70	73	83	81	84	81	76	75	91	90	99	76	82	73	81	91	86	103	78	87	90	97	106	75	83	92	88	86	91	98	84	84	83	78	86	86
83	87	118	112	102	112	106	107	102	89	92	96	81	107	83	93	79	76	89	80	82	108	70	97	86	89	88	71	85	85	85	87	76	91	84	72	87	97	74	81	77	76	72	100	103	107	96	96	99	69	92	85	77	82	91	88	70	58	65	81	100	100	77	74	82	77	87	62	80	75	73	77	66	65	67	75	77	62	87	78	71	82	90	81	73	75	63	88	92	69	67	66	82	75	76	91	58	79	69	94	74	76	69	63	79	67	86	70	106	87	70	65	77	71	75	75	64	69	87	61	88	65	82	67	68
75	73	96	95	105	112	89	106	100	89	75	77	100	76	95	90	89	83	85	96	90	80	90	78	101	89	92	78	83	87	85	88	85	87	88	81	65	82	69	82	74	90	91	84	83	78	81	80	94	86	91	89	71	70	70	68	87	75	80	86	74	87	99	89	70	93	83	80	74	89	76	88	81	73	86	71	67	74	65	83	84	79	79	70	68	74	90	80	64	65	75	88	86	60	64	72	65	70	65	83	77	65	70	64	68	69	73	75	93	74	78	88	79	100	81	81	78	76	75	93	95	82	77	76	82
82	85	87	89	88	111	107	86	93	113	83	93	80	80	73	97	91	69	89	81	75	77	83	90	70	97	86	84	92	79	88	82	78	76	74	81	73	97	69	91	86	82	83	94	85	73	92	87	72	83	94	71	80	80	85	78	78	77	92	79	84	79	82	65	80	76	88	87	87	73	65	87	88	75	78	51	82	74	77	75	79	73	69	77	68	65	73	73	88	67	69	79	75	79	64	61	83	81	74	81	68	78	58	67	71	69	76	54	88	79	71	69	99	82	73	75	71	59	69	72	73	63	81	69	76
76	82	106	100	77	97	108	107	79	105	107	78	92	101	89	77	75	85	74	91	66	75	94	77	83	76	83	64	62	91	92	81	63	91	78	83	73	87	86	90	83	67	87	78	89	105	83	93	89	76	81	76	95	71	79	86	78	89	70	73	82	59	78	94	91	80	83	76	86	83	66	70	73	63	72	78	86	66	79	72	81	68	88	73	63	72	71	83	81	75	65	75	73	70	73	75	92	72	87	75	79	77	75	76	69	65	78	77	82	69	71	77	84	74	59	64	85	57	65	63	74	60	87	57	71
72	73	94	77	109	99	95	79	106	87	84	90	75	92	90	82	69	70	79	65	77	79	85	87	83	69	87	84	95	73	89	68	72	91	80	76	90	77	86	82	92	98	90	83	83	80	86	69	76	64	93	71	90	66	82	67	71	93	79	85	89	68	87	91	79	91	73	67	71	78	88	76	69	83	80	60	75	59	74	78	66	69	66	69	61	71	72	72	71	73	59	79	86	78	74	69	74	73	73	66	72	86	69	61	81	78	71	77	78	81	92	76	73	58	72	83	62	79	73	71	74	72	62	68	60
74	65	91	78	91	87	92	79	76	88	99	89	87	79	64	88	63	93	71	93	82	70	76	74	61	88	80	65	81	85	80	75	78	90	80	80	85	83	65	77	72	93	79	77	72	80	88	77	98	66	61	79	65	89	64	80	75	73	79	69	85	75	76	79	86	73	77	86	77	80	69	62	66	63	49	68	70	61	55	61	79	60	62	78	80	56	76	76	64	75	73	79	61	78	66	62	63	77	72	68	63	78	65	64	65	78	83	90	80	67	89	76	63	81	58	55	61	68	66	72	61	89	81	74	75
88	77	72	89	104	78	73	88	90	85	84	90	84	87	90	82	71	81	80	82	88	77	81	80	81	82	94	88	87	88	80	96	66	83	63	68	89	76	99	73	68	83	84	72	88	85	99	83	85	80	57	72	71	83	81	84	79	83	89	79	97	92	68	73	79	87	91	70	62	62	67	95	74	78	79	61	54	67	65	75	61	48	80	65	67	73	89	83	69	66	74	74	68	68	68	72	56	79	83	82	68	71	71	79	66	71	66	80	71	69	71	66	92	67	71	71	72	58	71	61	75	71	62	70	65
77	87	85	84	80	87	72	81	79	77	89	79	85	72	86	86	77	79	68	93	77	82	89	83	71	89	82	89	78	79	69	77	87	70	83	77	79	87	61	76	80	69	70	83	80	64	83	80	83	68	76	78	78	80	83	88	65	78	89	82	92	80	83	99	81	82	71	83	67	61	78	63	70	71	66	65	51	69	74	83	51	59	71	67	69	66	69	62	72	54	66	78	74	75	75	60	61	64	66	94	60	81	82	67	75	73	71	69	75	75	85	71	72	60	67	61	80	80	60	70	74	69	59	47	73
99	80	81	101	86	81	77	95	77	80	63	80	93	76	60	90	83	86	90	73	76	73	74	82	72	89	84	89	65	83	79	88	85	85	71	61	73	85	78	93	67	75	74	64	87	69	76	93	68	78	58	77	72	96	90	69	87	76	77	67	72	87	73	86	96	68	71	69	63	69	60	49	82	68	85	58	67	53	79	75	72	53	62	70	69	55	61	87	56	76	54	65	54	69	57	73	70	76	71	79	76	57	74	70	74	76	78	65	62	75	59	67	86	64	73	89	73	65	72	69	54	78	71	57	58
74	82	81	86	57	82	67	62	80	87	87	78	86	78	78	91	79	99	77	82	89	89	83	69	73	77	96	73	83	71	89	75	91	83	75	77	71	74	76	72	86	84	69	95	80	84	85	62	97	80	78	78	66	73	70	81	63	72	73	88	84	88	79	63	104	82	73	73	62	53	58	66	69	73	63	65	69	73	62	77	71	65	69	63	72	67	56	62	75	66	76	77	75	68	69	72	73	69	63	68	65	61	66	80	89	60	65	73	69	72	73	71	70	65	76	66	55	60	80	66	64	64	78	70	56
65	95	93	68	73	74	71	84	77	69	77	65	60	82	85	95	76	87	76	90	76	73	82	66	83	78	75	91	83	75	63	99	89	57	64	86	86	64	70	90	84	74	91	77	80	87	75	83	75	61	78	76	68	88	74	87	79	86	91	69	90	76	73	86	77	86	89	74	69	64	71	61	63	66	66	59	83	80	59	60	73	76	56	65	74	66	55	76	50	60	66	71	55	65	57	82	82	68	73	58	74	78	64	73	63	62	67	69	68	71	77	61	63	63	59	78	62	79	63	75	70	65	72	59	54
81	67	67	77	67	90	81	53	88	68	70	68	60	90	64	74	75	65	70	78	70	72	87	67	74	79	66	90	74	68	93	87	81	88	70	66	89	88	61	83	87	88	75	72	82	72	76	80	68	82	87	72	80	75	87	75	72	89	79	104	66	80	72	79	68	77	88	72	57	65	54	56	62	56	49	59	76	66	59	69	64	68	56	54	62	63	67	77	66	72	68	71	66	61	58	71	68	68	59	81	64	62	64	84	81	82	79	69	74	69	68	78	55	73	48	64	63	67	79	67	57	63	56	60	68
63	68	66	88	95	75	92	60	95	71	64	90	72	59	61	93	89	73	73	73	66	86	79	81	68	77	87	64	77	67	74	75	88	85	79	86	74	71	56	67	76	67	82	85	76	92	80	78	90	83	90	70	86	67	64	74	70	70	78	71	72	65	62	65	67	77	72	86	68	72	74	65	50	61	62	62	58	62	67	63	61	61	66	68	61	63	62	76	63	69	69	64	50	77	51	70	73	70	57	71	53	56	74	71	61	71	61	88	75	66	53	76	72	68	54	64	66	64	84	60	73	68	71	54	55
77	76	62	75	84	78	85	59	82	91	85	65	68	82	61	89	86	86	74	79	70	67	68	71	81	77	71	90	76	72	78	75	86	62	77	85	68	68	62	61	79	84	79	74	72	74	75	86	66	76	75	71	83	78	62	94	64	77	89	77	69	78	57	81	84	79	63	65	73	74	56	74	64	68	58	74	59	56	66	66	66	75	68	57	55	82	58	42	66	56	58	62	54	63	62	50	61	69	59	62	65	57	73	58	79	71	69	54	60	59	83	59	67	54	49	71	77	73	52	70	71	74	56	59	54
72	76	61	70	75	73	73	72	58	62	77	73	66	72	76	72	63	76	77	78	95	79	74	69	80	71	76	75	71	86	67	77	76	83	75	81	87	78	64	71	77	64	91	80	77	75	78	71	65	74	60	70	70	85	66	87	61	85	65	81	81	64	72	74	64	60	72	63	69	56	82	51	65	52	61	55	84	54	63	65	47	56	63	69	56	77	70	45	61	50	54	69	53	62	53	51	70	72	59	62	70	77	75	72	77	65	76	60	82	77	61	58	54	57	48	68	70	59	72	52	66	62	56	59	53
58	65	62	70	76	66	70	71	74	74	92	84	60	77	75	73	62	61	67	68	72	78	63	60	65	81	64	82	78	67	75	54	89	61	75	78	83	74	64	67	92	62	71	63	59	66	67	56	66	61	87	83	54	70	65	68	77	50	61	72	84	67	70	70	64	76	65	56	72	58	46	57	70	53	73	54	59	63	55	54	61	43	61	68	61	48	49	69	57	64	81	72	51	66	67	54	60	63	51	59	73	53	67	68	68	48	63	49	78	58	53	88	65	52	61	61	55	54	58	65	61	51	57	70	57
74	74	70	72	66	67	69	72	75	58	81	70	72	70	66	61	54	72	71	57	73	62	77	62	72	54	66	49	59	73	68	77	70	67	57	61	58	79	49	67	66	61	63	61	64	61	61	77	63	74	58	70	66	67	71	78	63	61	73	77	61	61	57	74	69	57	64	66	66	62	72	62	58	47	62	58	65	77	75	52	63	61	57	59	56	58	48	71	62	65	67	47	54	67	72	60	76	77	69	56	65	67	60	62	72	60	71	59	63	52	73	61	57	56	50	55	64	66	52	50	51	62	67	60	45
77	63	67	52	53	71	47	76	68	63	63	66	61	59	64	58	54	71	55	68	67	57	59	65	56	69	38	69	65	67	84	65	68	70	71	60	60	65	57	70	64	53	56	74	63	77	54	63	68	67	54	52	52	49	53	65	65	62	57	69	59	66	61	75	51	68	69	62	73	67	64	64	52	60	55	62	65	55	65	54	52	51	64	54	67	53	58	65	52	59	67	64	53	62	43	55	54	61	59	58	72	68	57	49	68	71	67	52	66	46	62	57	71	56	66	67	55	51	64	74	66	57	62	57	51
61	56	56	41	65	58	66	69	43	60	58	53	33	57	57	62	60	51	51	74	68	52	62	55	75	57	45	58	56	47	60	69	63	61	60	56	48	55	41	79	64	57	68	62	66	67	67	45	44	64	54	44	57	56	63	62	72	66	45	63	51	47	50	61	49	46	74	70	48	63	50	40	57	62	62	66	55	39	50	55	55	74	67	49	60	55	56	49	62	49	69	50	56	60	64	69	63	59	49	50	65	65	66	72	43	63	68	44	67	48	51	51	64	55	49	44	54	79	46	56	56	60	63	53	41
51	82	48	48	53	50	65	61	59	50	57	58	48	45	59	48	58	62	50	66	65	60	50	65	65	70	57	51	58	61	58	53	58	55	60	42	61	44	58	52	60	62	58	45	59	55	63	65	51	60	61	62	53	67	62	54	59	54	40	53	59	42	51	60	59	68	76	48	55	58	49	57	45	41	63	60	52	53	51	56	46	58	48	46	48	57	57	59	50	52	44	51	55	59	57	65	61	62	66	66	56	53	63	56	72	37	62	55	57	41	69	46	54	55	50	56	57	61	52	55	46	57	53	66	42
60	42	57	57	49	55	60	59	52	29	47	67	43	44	71	49	50	51	46	40	55	56	54	52	57	50	51	45	56	48	56	51	72	48	59	58	45	60	57	61	51	62	64	46	57	43	58	66	47	48	50	51	55	65	54	50	55	56	54	47	57	53	56	55	47	50	42	50	54	49	45	57	54	65	62	49	47	59	48	50	55	50	48	54	55	63	50	45	55	48	64	51	48	57	59	57	62	59	68	52	49	48	61	54	59	62	52	56	56	75	52	53	61	45	53	43	64	52	49	62	45	58	45	55	53
55	62	45	45	42	49	46	46	57	51	58	53	56	58	49	46	57	56	64	53	45	50	52	65	50	61	46	48	59	50	48	51	45	57	39	56	53	39	53	54	42	47	62	58	43	63	54	50	50	50	59	62	55	58	63	47	43	55	57	40	60	62	44	55	74	57	50	35	51	58	54	50	49	47	49	51	52	48	34	52	53	54	54	42	58	62	62	57	53	51	48	63	53	53	70	85	44	67	62	52	71	57	59	58	40	59	53	60	62	56	59	54	52	57	49	54	50	57	53	62	51	62	51	53	47
52	43	62	52	49	47	67	49	57	53	40	48	51	45	52	55	54	61	47	44	50	46	45	59	47	57	62	50	45	61	59	49	49	42	49	31	63	50	50	59	50	57	60	36	45	43	59	50	53	63	30	62	56	44	42	46	46	53	52	62	55	66	44	47	61	62	48	47	55	46	43	44	47	55	49	53	45	58	58	65	50	54	59	49	57	47	46	50	54	54	47	46	48	65	38	43	71	57	58	68	60	46	64	69	51	53	54	61	39	52	48	62	44	53	44	63	53	51	48	46	57	57	41	43	51
43	52	55	50	56	33	51	40	56	59	43	51	51	61	52	57	58	69	41	47	46	60	52	49	52	52	48	56	48	37	35	62	55	57	51	63	42	43	51	51	54	45	54	55	50	50	55	45	54	44	43	49	55	46	47	52	44	47	46	41	38	50	46	50	51	48	59	46	45	39	49	49	56	52	44	64	51	51	51	63	39	50	60	60	41	45	57	50	49	48	56	55	60	58	44	57	55	55	53	65	43	52	60	56	41	45	47	55	47	52	58	62	51	48	53	53	47	42	56	48	50	49	47	54	35
54	45	57	59	51	49	54	56	60	48	47	48	40	42	45	50	52	43	53	47	49	35	49	53	44	41	59	40	58	44	41	38	46	53	52	58	45	64	50	46	56	54	62	47	65	42	47	56	64	46	44	45	43	56	47	34	46	43	60	64	52	53	44	42	34	57	48	41	32	46	55	44	46	60	44	52	40	43	61	56	63	50	42	51	49	50	67	41	51	61	61	59	53	57	51	47	64	62	50	59	52	56	59	54	41	49	57	47	39	38	52	67	51	58	52	52	53	64	54	51	59	61	55	64	40
52	44	50	44	52	45	58	31	44	69	44	45	41	46	44	53	51	57	54	45	61	48	37	53	53	52	59	53	50	50	36	65	50	48	48	41	45	53	54	47	52	54	51	53	61	59	52	54	59	53	52	36	44	54	42	45	50	54	46	49	43	45	50	45	55	47	49	47	48	51	48	54	53	41	52	49	46	45	42	47	47	52	49	52	47	44	53	52	51	52	53	73	46	47	53	65	49	57	57	55	58	63	49	59	56	41	51	47	55	45	49	52	56	43	47	45	63	55	42	53	43	46	54	56	51
45	39	48	39	51	57	56	63	43	41	42	53	42	53	49	56	54	51	45	54	63	52	51	46	46	54	48	57	50	53	39	50	57	44	49	51	52	47	58	60	53	42	40	34	49	45	49	44	44	56	60	52	55	66	54	49	56	57	56	48	55	50	45	43	45	46	48	54	56	35	54	48	59	48	61	60	49	44	36	58	40	43	56	49	63	63	61	51	35	62	38	47	53	60	56	46	63	62	60	58	47	49	44	57	57	52	50	55	52	44	71	45	38	49	55	51	46	40	58	46	50	40	51	48	37
52	50	43	54	55	46	48	44	43	46	50	44	62	49	41	58	46	50	42	46	44	55	61	46	50	47	45	57	43	51	53	52	50	49	51	41	59	51	51	44	49	42	54	57	50	42	53	59	52	66	43	60	50	51	44	47	41	44	41	47	54	56	40	39	55	54	47	41	40	56	43	42	64	49	59	43	55	56	52	59	47	62	48	45	41	46	58	50	45	57	61	39	51	74	54	61	43	51	59	54	63	51	56	55	57	59	60	54	50	54	45	57	48	49	47	48	51	52	50	48	55	61	52	47	53
52	57	46	42	51	45	50	53	38	46	41	46	57	48	39	60	59	42	46	55	54	41	63	56	45	53	45	40	50	38	54	49	53	50	52	51	44	56	57	51	55	56	56	63	45	58	58	40	51	48	51	36	44	47	49	48	53	36	39	50	35	53	46	48	44	58	51	53	55	56	37	47	58	44	61	54	41	41	51	39	48	53	52	53	47	54	55	59	58	58	71	68	47	60	65	57	64	50	52	49	48	51	61	53	42	49	50	53	40	50	48	42	64	55	55	44	52	39	60	45	44	47	53	47	41
64	61	54	45	45	43	45	60	61	49	55	43	52	51	59	42	51	54	49	57	47	43	53	45	47	51	61	51	64	46	48	46	55	36	51	47	47	46	61	50	48	51	65	59	61	50	51	67	45	45	57	47	38	43	47	41	50	47	48	52	50	42	60	45	50	39	55	54	41	52	49	45	46	44	55	51	48	50	48	36	47	52	46	55	53	71	51	56	63	54	49	41	65	56	66	65	57	60	58	35	63	59	60	45	54	48	51	46	42	49	51	48	50	38	44	43	50	61	53	54	50	53	49	40	47
35	41	61	45	52	49	63	57	41	51	46	53	56	43	60	53	51	58	41	55	48	43	44	58	46	44	51	57	49	39	47	53	61	44	63	52	52	44	50	41	39	50	51	51	43	41	59	61	46	45	42	54	43	62	60	59	52	66	44	45	45	53	47	51	43	46	52	51	47	54	56	54	47	41	58	39	55	42	43	59	55	45	58	64	38	54	60	62	57	50	57	51	48	69	56	59	68	40	62	54	53	44	60	40	48	53	53	46	43	49	50	56	56	38	34	39	53	54	59	41	40	63	65	35	43
63	56	38	50	56	65	47	50	57	54	56	53	50	56	54	61	53	36	37	62	47	32	50	55	42	59	42	50	50	49	66	62	46	50	40	45	56	45	51	55	60	39	44	47	56	52	39	53	40	58	50	61	53	54	48	56	51	35	52	61	45	49	59	53	52	43	51	65	54	62	58	54	41	54	48	49	53	54	52	52	65	56	54	47	64	50	75	71	58	75	60	61	54	62	59	61	55	54	52	54	60	44	49	47	57	51	52	52	47	51	52	55	51	40	54	45	51	63	51	60	47	45	52	59	37
50	48	48	51	45	51	41	59	40	51	56	56	54	39	51	54	64	49	48	52	64	48	49	51	57	43	46	58	46	49	45	56	58	49	49	59	52	51	58	48	45	47	43	47	43	44	48	49	44	43	50	47	45	46	55	55	47	39	46	50	55	49	60	44	44	45	41	51	54	59	62	53	57	48	43	48	46	45	43	67	55	46	51	48	54	58	63	49	56	57	56	70	49	69	56	56	78	44	62	57	47	53	36	52	50	58	41	47	44	52	47	50	47	56	43	50	55	72	46	56	40	54	66	47	42
56	54	51	53	53	60	59	59	44	59	53	45	55	49	61	45	42	43	47	46	55	55	47	56	57	53	58	55	60	54	64	47	53	41	50	52	44	54	48	63	48	53	46	47	54	68	51	45	53	60	48	52	59	45	54	61	52	48	46	60	50	51	50	55	36	53	42	56	44	51	43	61	60	49	47	42	57	52	56	36	53	54	55	49	48	55	55	57	45	59	52	70	61	84	54	54	49	57	58	60	50	54	72	58	50	46	49	55	53	51	51	69	58	50	43	62	47	33	47	47	57	42	60	48	55
45	49	53	64	64	49	60	44	39	52	44	64	40	40	48	57	39	48	51	42	56	51	57	50	52	47	53	52	52	51	50	52	49	29	45	59	57	44	55	36	64	63	49	51	51	58	55	56	56	57	53	59	55	60	60	65	55	59	77	46	60	57	54	42	51	60	50	52	47	61	50	52	41	46	47	53	50	50	48	45	62	63	60	58	57	58	65	49	57	56	66	65	54	54	59	52	60	58	45	64	46	54	62	52	42	50	53	50	51	55	55	55	49	43	58	43	57	50	57	53	52	53	58	57	44
56	47	55	60	52	45	52	71	61	49	44	60	57	52	57	58	52	43	55	47	73	46	62	51	56	40	59	57	58	53	50	71	65	53	52	54	49	47	48	47	46	40	51	50	55	42	49	40	52	51	47	58	39	37	57	49	45	62	59	53	50	42	53	55	39	51	55	62	73	51	54	68	63	50	47	37	50	50	50	62	60	79	63	62	65	62	64	62	60	71	68	55	67	62	71	65	65	57	58	48	45	45	55	51	45	52	44	44	41	53	48	57	47	59	50	51	48	50	60	50	62	60	48	48	40
69	48	56	54	42	68	46	51	70	53	44	62	45	58	50	43	47	52	47	49	64	44	63	62	54	58	50	65	51	55	56	51	61	51	39	57	54	63	52	65	54	50	53	70	63	49	64	47	61	59	53	44	53	50	42	62	64	53	54	66	53	59	39	40	51	56	39	52	57	57	61	54	59	65	54	60	49	66	64	52	68	59	78	64	67	67	62	72	63	55	69	47	65	67	73	68	65	65	58	63	64	44	49	53	66	65	52	60	60	64	51	46	58	62	49	38	61	54	46	54	59	60	58	50	46
55	52	51	51	44	50	54	52	59	61	53	48	39	66	52	58	57	43	59	63	54	48	59	31	64	62	50	61	46	53	50	43	53	55	65	65	54	59	52	64	62	47	49	61	54	58	54	59	42	56	44	50	63	39	49	42	53	75	59	44	52	69	56	50	53	56	48	61	51	48	56	61	63	57	61	61	49	67	51	74	62	63	50	71	67	76	55	69	75	73	59	72	75	64	65	65	53	53	44	40	71	66	58	57	54	46	46	54	65	66	44	61	60	60	63	54	46	58	54	66	44	64	43	50	48
62	41	46	51	51	59	60	57	61	63	51	72	64	40	44	54	63	50	62	51	63	48	61	58	46	57	55	43	41	55	49	64	54	51	57	69	58	55	55	60	57	37	61	46	62	56	65	48	46	60	45	59	52	52	62	59	39	58	61	56	53	56	64	45	42	45	47	49	48	63	53	54	52	57	66	71	57	57	61	74	68	61	57	65	68	53	66	76	65	59	70	74	77	71	55	60	59	70	48	52	59	57	48	62	60	51	47	39	55	38	60	63	57	67	60	62	44	58	48	47	58	59	43	62	55
55	63	51	54	45	68	58	58	56	58	66	56	46	48	66	62	48	41	42	55	45	52	59	44	54	66	53	40	52	53	59	73	63	53	60	52	37	65	58	66	47	55	41	60	37	51	59	50	47	55	56	63	58	66	51	50	56	58	49	51	57	49	63	53	60	63	55	52	58	54	41	47	54	52	65	62	78	76	66	72	90	84	88	69	66	73	61	61	65	68	81	50	67	58	64	53	60	57	72	52	44	60	56	60	54	58	53	44	48	52	68	65	50	62	53	69	46	46	55	49	51	74	54	36	54
45	61	59	58	58	51	57	60	47	63	63	51	65	75	50	51	59	63	43	45	63	45	61	58	51	66	54	68	58	67	57	50	67	62	56	61	59	68	59	51	62	44	50	59	54	56	51	44	38	63	73	59	49	64	56	45	55	63	66	53	50	48	48	60	63	52	65	58	52	56	52	51	65	45	54	61	57	89	87	87	81	89	76	91	63	76	66	70	71	76	68	62	67	62	49	52	60	41	59	68	57	59	63	52	51	53	51	33	69	53	43	50	49	62	53	61	59	58	61	60	46	42	61	58	37
59	52	50	52	59	61	46	55	58	51	49	54	66	61	47	59	48	62	67	49	65	52	51	57	46	52	53	61	48	58	50	57	74	55	66	54	64	75	53	55	59	45	58	36	73	71	45	55	47	54	72	49	69	55	59	53	63	58	54	66	65	48	53	53	51	69	67	70	56	56	53	64	52	61	57	60	63	89	86	98	96	99	87	80	74	94	65	87	66	73	63	62	64	51	59	59	67	43	67	51	59	56	66	78	58	75	63	70	67	61	68	53	50	59	78	50	38	72	66	63	46	48	63	61	57
58	58	46	65	55	71	75	58	64	53	56	58	55	60	51	64	53	65	58	56	66	69	62	53	59	66	57	47	60	65	70	55	58	56	50	53	45	59	47	54	56	70	46	54	64	56	66	52	65	56	57	63	57	49	62	53	54	64	62	59	55	54	50	60	67	58	58	55	50	62	55	48	71	54	77	73	90	85	110	107	109	101	103	91	90	87	89	71	79	61	78	71	67	64	66	65	60	75	68	52	55	55	53	54	60	69	47	61	60	67	53	53	61	57	60	60	59	67	69	52	53	52	54	62	45
53	68	69	59	62	52	56	60	68	69	51	63	58	67	46	52	63	68	61	66	46	62	58	50	53	68	60	57	59	55	66	64	63	71	53	67	66	58	49	61	54	65	60	53	51	57	67	52	52	53	55	55	58	48	42	64	61	63	72	68	65	57	57	54	63	59	56	62	72	60	69	68	71	65	56	59	68	91	100	126	124	120	111	97	106	89	83	93	90	63	67	59	64	60	56	86	56	65	70	67	65	66	55	59	62	52	56	58	61	54	57	48	58	62	58	58	60	68	77	53	76	62	79	60	57
52	64	58	68	57	73	65	61	52	45	58	71	45	70	75	73	54	70	69	66	64	67	65	62	63	51	66	61	57	53	65	50	70	72	64	65	59	64	80	55	66	66	49	55	59	70	53	57	61	53	53	63	61	68	55	80	65	57	57	61	66	62	59	56	61	69	62	56	56	69	47	69	55	68	52	70	59	71	99	131	125	115	121	97	100	97	81	85	83	74	75	64	82	69	51	74	65	71	63	60	65	65	39	64	53	62	76	62	58	68	75	72	48	62	68	63	66	69	83	73	78	64	67	55	57
63	60	69	63	54	66	60	72	54	62	55	78	72	51	59	51	69	65	60	52	68	63	54	50	57	54	62	63	67	56	63	57	77	66	63	62	58	55	67	61	74	64	67	78	56	59	72	57	71	66	70	53	63	56	60	64	65	47	51	69	66	69	81	70	72	64	58	66	69	66	78	79	54	68	80	80	76	98	79	114	121	121	138	114	130	100	82	82	58	72	65	78	80	72	68	87	61	66	66	88	67	73	72	68	67	58	62	56	70	50	67	59	67	60	61	63	53	51	63	58	60	49	54	76	57
52	57	70	62	57	62	68	76	68	60	54	66	69	72	67	55	69	61	69	57	66	57	62	64	56	57	71	72	67	59	65	60	67	64	62	70	79	73	69	74	70	57	68	72	47	62	59	62	61	61	74	68	74	87	53	64	77	58	67	66	60	50	49	76	70	76	69	62	67	46	74	53	58	69	61	65	67	89	101	109	142	121	145	116	116	92	92	92	59	64	74	68	70	75	74	58	60	60	53	66	60	70	63	63	74	53	63	68	54	63	54	71	69	71	66	48	81	77	81	63	68	59	57	70	47
59	56	77	74	64	80	77	50	60	65	65	64	59	65	56	56	73	57	64	66	62	54	55	79	64	71	64	66	72	49	68	60	82	66	66	70	56	80	58	69	72	55	58	57	59	59	67	62	57	69	71	65	52	80	71	78	66	62	63	71	67	88	59	59	57	68	49	66	63	60	77	75	67	71	71	82	78	73	85	107	121	121	143	119	83	110	75	75	79	87	66	76	66	79	70	92	65	67	62	60	62	66	66	69	66	67	63	67	60	59	76	57	66	76	78	68	62	70	68	53	64	62	67	56	64
70	80	70	59	81	92	61	65	67	71	76	64	82	89	70	62	66	57	63	67	64	66	61	72	58	60	60	75	67	57	71	75	66	65	75	76	68	72	56	68	78	66	77	74	79	80	60	73	62	82	45	56	63	72	63	67	76	64	78	66	72	76	69	56	73	72	61	69	72	76	63	75	71	76	79	76	82	86	88	114	111	143	147	104	113	81	100	64	78	76	75	80	77	59	75	77	55	66	78	69	73	71	69	69	71	65	68	61	66	76	70	73	73	60	68	56	73	62	76	54	68	71	66	61	78
67	63	61	64	61	78	70	73	62	82	80	79	79	62	66	63	71	61	76	75	67	69	65	86	66	71	66	54	73	63	62	63	64	63	55	57	63	70	61	59	67	74	74	70	74	67	65	67	75	65	74	67	75	68	70	77	63	62	62	67	70	69	65	67	67	63	69	76	45	73	54	81	66	87	74	81	70	86	96	104	111	110	127	124	116	101	88	98	62	59	71	76	81	71	66	68	64	65	76	65	58	69	78	59	81	73	66	64	69	77	64	67	58	55	74	70	86	73	50	68	77	74	81	80	64
52	67	69	63	72	71	78	80	75	46	75	55	74	60	83	61	70	73	68	68	67	69	88	69	68	78	69	61	75	87	77	68	65	61	67	68	73	62	89	65	63	82	79	65	70	60	81	63	66	68	77	75	68	65	73	73	69	68	69	67	67	62	68	81	70	72	66	82	73	74	70	82	73	90	78	86	110	90	105	104	95	115	111	110	97	100	79	60	77	86	66	70	67	67	85	66	65	55	67	60	60	69	61	87	75	82	60	73	73	80	78	60	66	69	52	68	71	77	60	71	83	87	68	76	70
84	57	83	63	84	75	79	77	71	73	73	73	89	87	89	74	63	74	75	73	65	66	75	78	70	71	77	68	88	70	53	72	63	74	87	66	77	67	72	63	65	67	78	86	62	73	75	74	90	60	63	73	67	71	66	88	53	72	69	89	59	66	69	67	69	67	65	53	70	67	61	93	90	101	101	122	103	96	93	118	101	117	113	116	114	92	88	80	75	81	72	61	65	68	75	61	77	79	76	65	83	68	68	79	78	66	78	56	75	85	91	51	71	58	66	77	76	71	57	80	74	66	85	73	91
84	64	74	87	69	69	74	81	64	78	83	72	86	70	87	73	85	80	65	84	57	79	65	73	73	100	69	80	78	59	83	75	77	75	70	63	72	70	76	83	77	72	70	72	82	89	78	71	66	81	77	75	65	69	77	78	96	81	76	78	94	68	68	78	69	74	87	81	74	71	88	73	74	96	104	116	123	125	136	138	121	113	125	100	105	92	97	73	84	83	68	73	87	78	60	83	81	78	75	71	66	74	66	71	69	63	60	69	75	72	64	67	70	71	70	70	88	80	84	90	86	77	63	72	62
68	77	95	84	79	62	83	73	75	90	73	79	70	83	71	70	81	65	76	85	77	66	71	71	86	73	80	90	64	76	94	81	68	84	68	78	85	79	73	88	81	82	76	67	80	94	70	74	86	69	90	85	78	73	67	78	77	80	84	64	87	85	61	84	85	92	81	81	70	71	75	88	78	103	134	155	152	162	149	131	126	130	120	119	104	90	83	86	82	89	76	78	73	85	76	82	74	72	72	77	83	78	76	78	62	67	94	86	78	77	81	75	78	72	58	64	74	97	67	81	72	74	71	56	56
79	81	84	88	75	76	86	77	91	74	81	99	75	75	86	82	80	69	76	84	73	87	82	92	82	91	60	76	70	92	69	78	72	74	71	74	70	79	92	73	86	84	59	87	92	67	80	97	67	87	75	76	89	56	76	71	74	76	77	101	71	72	66	45	77	61	73	65	82	92	71	96	99	92	118	178	152	166	167	158	130	97	108	115	94	84	95	95	80	78	82	71	88	78	89	71	74	59	74	90	90	80	77	79	81	78	85	87	79	82	92	93	75	71	86	67	77	66	78	85	63	80	86	79	72
65	73	101	88	83	94	78	79	74	79	95	76	75	77	91	67	87	74	87	84	77	88	106	67	75	86	76	86	76	84	76	78	85	87	74	81	74	81	81	87	81	72	77	78	79	80	87	85	72	84	82	84	113	77	77	66	83	74	89	87	71	79	78	85	81	78	92	85	87	78	81	73	91	101	140	164	189	195	178	145	136	116	112	113	117	96	83	86	82	85	85	80	85	78	79	89	84	83	78	74	81	84	85	89	101	87	90	93	91	83	89	91	81	98	84	98	79	77	80	83	78	96	83	73	70
72	73	70	85	67	80	81	95	85	81	90	87	98	92	94	80	97	92	90	105	90	87	95	75	78	94	76	102	91	93	82	70	82	84	79	59	73	81	95	83	85	86	81	93	96	79	83	78	104	82	95	89	70	74	80	81	79	83	82	80	91	96	81	82	81	80	85	71	91	82	88	77	107	113	130	160	201	230	192	163	147	142	119	121	103	90	84	80	87	93	84	92	76	91	82	94	88	96	80	89	98	74	99	98	73	93	83	92	66	87	88	86	82	75	91	82	88	75	108	80	81	95	92	71	92
85	89	84	84	91	78	87	82	66	83	94	94	92	95	79	74	85	74	76	82	106	95	89	87	103	92	92	86	83	84	88	83	93	90	82	92	93	85	82	96	103	93	100	95	93	94	87	93	68	87	78	89	115	71	87	62	80	89	88	82	88	93	105	88	84	99	87	74	89	83	98	74	81	112	115	153	195	192	205	192	147	134	140	98	95	103	98	99	107	89	94	79	105	76	81	81	71	83	98	98	88	75	87	95	92	86	89	75	68	98	85	75	77	85	93	98	91	97	81	76	75	96	89	90	70
81	78	82	105	95	89	89	101	94	91	93	101	78	75	82	79	75	94	84	105	96	82	81	107	89	107	96	98	90	87	91	98	86	84	88	98	103	97	81	95	98	110	99	101	83	90	73	114	82	103	75	96	91	81	84	83	78	95	100	106	102	102	100	87	70	92	76	85	78	110	97	93	86	92	111	163	179	170	199	190	172	139	136	104	109	101	100	98	85	93	97	97	114	104	93	101	84	101	100	93	82	101	85	80	88	92	70	80	94	91	91	89	90	95	84	80	91	86	94	77	76	110	68	91	84
95	101	104	102	106	84	110	84	111	85	91	102	96	74	94	88	78	74	99	89	88	88	73	80	85	76	99	80	75	95	88	92	96	98	101	99	91	88	97	83	97	104	97	99	89	106	94	104	89	97	103	99	105	86	99	104	114	72	97	113	91	88	89	87	76	89	92	98	101	83	100	114	105	95	113	114	159	169	185	186	174	146	108	122	110	109	93	103	99	93	79	102	94	82	101	82	93	77	95	101	95	78	85	80	89	86	93	87	98	75	84	99	97	98	78	69	100	101	105	64	96	92	93	78	86
100	76	94	104	105	86	78	101	76	91	95	74	89	98	104	93	91	93	79	103	95	93	96	86	95	116	91	100	89	90	86	90	89	88	98	102	100	91	110	73	92	105	84	100	80	84	112	105	99	107	97	104	99	105	87	100	98	102	109	103	102	84	101	98	92	99	101	100	94	87	74	104	106	88	116	100	146	159	158	162	182	153	125	113	104	121	107	90	78	87	85	75	100	80	97	94	105	87	99	97	85	109	90	95	93	103	104	110	96	97	93	107	97	86	100	86	91	91	98	90	96	112	107	98	94
107	97	101	98	100	93	86	106	70	99	108	112	107	83	89	104	88	94	97	90	85	106	105	96	92	96	99	107	96	98	105	106	99	100	84	86	108	94	97	99	97	105	101	114	87	108	97	115	96	94	114	101	101	118	85	104	95	97	89	103	125	96	115	102	76	88	97	78	106	104	96	106	106	106	102	97	132	130	158	136	129	142	127	103	121	130	104	97	101	100	125	84	96	99	97	98	73	107	93	112	92	94	111	102	103	107	89	105	104	101	105	93	117	90	93	104	102	95	101	109	91	88	112	94	99
110	86	91	109	99	95	89	101	87	97	92	110	101	121	81	121	90	75	93	91	114	106	128	106	94	91	101	116	106	94	111	99	97	101	94	83	108	94	92	98	102	99	95	103	97	111	86	88	107	95	106	88	109	99	104	102	110	94	111	108	94	77	91	115	95	111	108	105	99	104	113	102	109	107	112	117	131	111	131	143	150	128	103	122	105	114	90	95	106	101	106	96	104	110	115	101	98	100	96	91	93	101	105	98	97	86	101	96	92	79	85	88	95	109	109	98	106	91	111	115	113	104	87	97	98
84	111	105	90	96	87	115	105	113	89	108	98	116	109	107	95	103	116	106	110	100	113	99	100	126	101	110	107	106	125	109	103	114	101	114	116	110	97	98	105	99	122	102	96	116	98	99	101	112	122	101	91	98	112	100	98	107	104	107	109	83	84	101	102	141	99	114	102	103	109	101	103	116	116	114	107	113	138	119	127	129	132	113	120	105	113	105	113	117	101	91	91	105	109	109	103	123	113	103	102	103	94	119	96	111	125	115	111	108	101	109	124	101	90	120	95	104	113	112	112	112	90	104	111	98
97	123	108	114	103	108	109	104	110	109	106	107	103	94	99	112	114	112	93	98	100	100	88	115	94	103	116	93	136	116	115	85	109	103	94	119	137	114	92	110	119	106	109	100	103	111	112	116	97	95	91	130	112	112	107	98	99	108	106	113	97	90	111	106	112	87	94	99	108	119	123	116	96	102	102	103	117	141	131	113	127	130	111	116	115	107	111	117	105	104	110	103	110	110	103	110	107	112	86	107	113	96	116	121	109	125	108	87	93	110	106	112	113	114	113	101	119	94	114	108	114	109	118	111	111
100	117	116	117	104	118	123	113	117	122	127	114	115	127	104	104	112	119	127	107	102	116	130	136	99	118	131	97	109	109	103	120	122	107	118	131	111	119	113	105	107	119	95	118	112	115	120	118	94	131	117	115	116	126	124	114	121	112	112	106	117	103	109	135	104	121	113	118	117	123	102	115	122	134	115	122	118	124	134	135	130	131	140	124	117	116	103	119	112	121	114	122	108	113	105	105	113	119	106	117	98	124	114	119	123	110	110	107	123	112	133	123	109	118	102	100	109	110	116	122	124	111	104	106	107
110	99	102	93	117	134	132	119	133	94	115	122	93	96	111	117	121	99	106	127	132	126	130	127	124	106	116	109	106	132	120	108	125	114	107	111	125	104	107	101	119	132	126	122	133	111	118	117	89	91	121	113	117	93	123	130	115	115	127	109	116	103	107	124	110	109	106	110	104	108	122	124	138	98	110	104	123	110	113	136	122	114	114	124	124	114	127	126	108	110	132	117	108	109	112	112	137	126	99	110	109	113	105	115	100	104	125	107	129	127	107	119	130	115	109	101	121	107	107	113	118	109	91	131	91
108	118	112	138	126	136	109	129	111	119	102	127	118	129	109	121	101	125	113	120	89	136	97	107	106	123	101	113	106	124	96	114	146	114	124	142	131	119	122	115	135	122	107	97	106	97	121	103	116	132	117	114	115	133	127	120	127	116	116	134	106	125	99	122	135	134	130	106	105	114	114	128	112	117	114	115	128	122	114	130	126	113	122	120	103	115	112	113	123	131	103	108	109	101	115	101	118	90	113	111	117	102	124	122	106	128	107	123	110	106	100	116	109	114	119	127	115	99	116	125	109	120	125	118	111
101	139	127	128	99	128	122	105	139	132	119	116	120	117	129	116	112	126	104	118	122	88	121	118	94	125	120	127	113	122	116	129	146	119	115	110	134	112	123	110	130	98	120	117	101	110	100	122	105	111	119	116	108	124	124	118	109	120	116	113	135	137	118	116	114	117	125	106	114	113	113	127	124	116	119	137	127	124	135	118	118	117	125	133	121	128	111	99	118	121	126	101	119	121	118	118	124	104	104	123	98	139	117	120	105	115	100	85	114	125	119	126	141	116	109	114	131	121	116	103	114	110	127	108	120
112	127	127	127	129	123	106	144	109	120	119	113	150	133	123	114	128	112	124	102	125	139	125	107	120	111	113	115	118	123	100	142	136	118	96	138	114	114	127	137	126	131	129	116	129	140	117	126	109	114	109	115	123	112	110	123	120	108	103	114	106	122	123	150	135	99	123	104	132	115	117	121	115	115	111	121	126	127	117	106	123	108	134	135	137	123	137	118	120	108	128	119	127	115	129	122	125	117	112	117	114	111	138	124	97	129	124	123	116	95	115	127	124	108	123	111	115	110	136	102	137	117	146	120	107
133	135	114	107	109	106	115	125	112	141	130	125	102	125	123	136	130	101	127	121	113	122	123	108	119	132	111	122	111	109	133	125	127	109	119	131	122	138	134	114	121	125	129	117	113	135	112	125	117	111	125	116	126	119	129	130	111	101	135	142	134	127	108	118	120	116	118	120	115	124	109	132	124	120	124	126	123	122	119	118	95	117	129	119	130	130	107	124	123	118	127	101	118	128	124	122	133	145	104	124	125	113	125	119	131	134	134	102	123	104	129	127	129	106	123	103	131	132	150	112	117	117	116	118	107
131	132	105	118	101	144	111	133	127	121	118	117	112	111	141	127	113	109	114	119	101	125	117	132	149	102	151	115	121	137	100	122	118	122	125	114	132	118	107	120	118	131	127	120	111	120	115	138	111	98	125	112	119	130	126	127	119	115	119	115	127	119	118	119	123	127	105	130	133	137	102	122	138	121	112	99	121	125	125	111	137	124	142	112	127	109	112	132	118	121	140	125	154	117	107	117	100	121	115	109	119	134	114	135	148	118	133	110	118	122	122	107	115	106	125	102	95	134	119	127	117	117	148	106	92
107	126	124	104	146	115	124	113	119	143	119	112	124	142	133	136	129	113	124	103	126	120	111	122	122	121	106	130	121	111	117	144	138	135	133	105	140	107	109	110	122	112	98	113	125	124	128	116	124	148	132	115	121	117	110	115	97	120	118	100	108	112	109	114	125	107	125	138	126	105	124	131	127	111	111	111	137	132	114	133	130	111	101	131	115	122	123	107	96	118	119	114	125	119	134	132	138	111	102	117	124	139	112	114	124	98	132	125	111	104	118	110	130	124	111	128	122	127	115	138	124	125	117	112	114
130	122	115	129	115	104	119	129	114	124	118	127	114	92	133	119	125	123	154	133	123	119	116	126	124	104	132	105	131	117	125	102	118	121	121	106	112	121	120	103	109	120	99	125	123	124	115	123	116	110	123	134	100	93	118	83	114	103	111	119	107	122	107	109	112	116	107	108	128	114	123	105	120	115	140	110	120	103	118	116	115	109	111	114	113	121	139	106	139	118	108	117	103	119	112	110	121	103	112	101	134	118	117	98	123	106	112	118	87	114	102	120	100	102	109	118	108	114	108	102	118	112	109	118	95
