95	127	104	112	111	108	90	109	112	132	100	107	121	128	129	114	129	143	124	122	147	148	150	152	175	191	175	195	156	164	178	153	144	134	143	104	110	104	97	119	99	89	102	116	86	94	106	95	111	101	113	109	112	111	119	100	87	109	106	106	89	87	104	96	93	105	87	89	93	128	116	92	96	110	103	96	98	91	94	104	96	94	91	102	107	101	100	99	77	88	102	114	108	86	104	100	101	103	113	110	85	94	97	93	126	91	98	95	108	92	99	88	86	97	115	112	115	90	88	102	97	101	80	77	93
106	103	98	105	100	114	105	132	107	125	123	98	126	104	97	135	107	133	108	118	146	149	167	163	173	197	190	176	168	150	165	124	136	123	146	109	127	122	127	105	110	98	104	123	98	103	100	111	104	90	101	103	118	120	92	114	97	103	107	92	116	126	91	109	110	95	115	110	99	104	93	101	84	98	119	100	84	96	107	104	110	106	115	112	95	90	101	102	112	119	89	104	113	105	116	115	95	106	107	111	103	97	107	105	98	94	102	104	103	109	102	105	94	108	99	93	90	92	106	101	97	103	95	103	91
95	97	118	101	101	128	108	127	120	119	95	124	108	117	140	123	100	149	156	160	132	158	186	174	164	178	156	211	179	168	144	161	148	130	111	129	122	99	111	117	108	127	104	121	105	91	104	118	109	123	88	116	120	110	97	87	89	99	97	99	91	111	116	93	91	105	107	101	91	93	94	117	112	95	109	114	106	93	82	115	98	95	90	96	95	111	119	106	112	122	124	97	116	92	117	103	98	104	105	99	97	97	96	100	104	103	101	80	101	91	91	92	118	94	100	100	101	99	108	110	104	122	113	88	89
119	87	99	119	98	116	110	128	117	108	105	104	126	122	114	129	139	141	146	176	178	151	178	200	212	181	186	164	173	154	168	157	141	118	127	115	107	114	107	94	119	113	107	115	101	98	126	110	109	101	103	95	110	95	124	102	109	121	123	85	109	104	119	116	92	109	99	115	105	112	92	97	107	95	116	98	102	132	102	96	115	75	94	107	91	97	97	106	108	111	100	103	106	113	118	106	99	110	103	116	88	104	90	100	116	104	109	88	93	107	96	105	107	101	104	102	109	87	99	99	101	98	105	103	102
94	107	109	101	111	125	134	110	135	122	129	112	138	163	122	141	156	169	161	172	177	177	180	174	178	206	175	178	169	159	148	148	133	88	135	127	106	108	107	99	117	119	124	118	109	102	106	100	134	108	103	118	110	105	101	108	115	116	89	111	109	115	120	117	107	101	116	98	107	94	99	101	120	110	99	92	97	98	105	99	101	96	93	102	87	109	88	93	111	96	85	94	99	104	107	96	98	112	117	89	94	126	106	99	107	106	102	80	95	106	104	80	104	119	106	98	92	120	105	102	115	102	88	103	91
101	112	114	124	113	135	110	113	131	126	116	120	128	140	138	157	181	155	180	173	203	202	177	205	213	183	197	186	156	141	154	150	122	136	136	116	100	130	109	111	123	99	109	94	129	110	124	108	106	122	130	95	88	119	110	126	109	99	119	114	113	114	110	131	120	107	100	101	110	106	113	93	100	107	109	108	109	108	110	99	102	117	72	108	92	93	111	91	106	105	116	100	123	104	98	110	105	114	127	113	99	117	109	105	89	111	121	116	91	121	100	109	102	103	92	112	130	97	104	110	105	101	89	98	114
111	122	126	104	124	110	115	142	133	135	135	135	148	132	152	156	172	180	197	196	189	215	196	186	182	197	177	191	153	129	130	158	128	120	128	137	108	117	125	126	89	122	112	118	116	111	112	118	114	127	120	126	105	116	102	119	129	120	122	120	100	107	117	107	106	108	122	127	104	99	116	96	107	102	121	135	99	107	96	98	140	111	107	117	147	123	107	121	111	102	106	114	120	122	113	98	101	110	108	103	117	114	110	105	92	108	94	115	111	111	106	109	106	100	117	98	104	104	82	123	96	113	111	92	92
120	121	147	106	110	122	130	116	123	138	136	133	159	133	169	169	183	177	191	227	246	219	223	201	192	178	185	177	142	137	144	148	120	124	104	122	112	115	111	114	122	117	106	93	112	117	113	127	120	128	116	103	100	124	125	139	116	115	108	105	106	124	114	110	115	116	117	103	110	112	117	99	115	107	117	108	130	115	100	102	104	113	89	95	111	114	101	125	109	102	96	109	107	111	112	124	109	123	113	126	114	113	117	108	115	106	109	123	128	122	113	109	123	110	127	90	102	105	109	134	116	108	118	115	99
118	108	123	110	129	134	137	113	144	148	128	142	176	179	191	211	223	212	213	229	254	222	206	216	182	193	170	148	148	161	133	127	143	113	115	131	132	104	113	127	131	104	105	116	106	112	114	112	102	130	109	117	93	117	111	125	106	106	138	120	103	94	105	124	111	107	111	117	122	145	118	112	126	125	86	135	104	130	116	103	108	103	100	115	110	104	114	109	109	108	117	128	121	119	116	100	106	110	110	111	126	107	108	119	93	119	121	116	132	109	106	115	95	115	100	102	103	110	116	105	120	104	105	111	129
127	117	137	124	132	138	125	137	144	129	133	165	179	205	194	209	208	248	245	204	243	234	220	203	206	190	156	144	166	137	134	128	108	123	127	137	121	110	113	110	105	105	131	125	138	121	132	106	128	117	101	110	140	100	118	117	116	98	117	126	128	105	123	114	124	103	124	107	118	111	114	110	132	121	121	114	109	123	115	114	108	93	116	110	104	109	114	102	105	104	112	109	112	102	123	109	129	125	117	115	120	116	121	109	112	121	116	106	105	115	99	123	145	120	113	84	105	126	112	107	114	121	117	116	118
136	124	132	122	135	134	129	153	132	128	172	140	200	190	197	205	235	240	230	226	226	253	231	210	218	191	173	143	139	130	132	131	122	133	142	113	113	123	89	118	119	117	135	114	118	129	111	108	107	134	126	116	107	117	118	126	121	119	108	119	128	129	105	124	103	128	107	138	108	131	113	114	114	104	110	117	119	110	121	135	110	130	124	115	109	125	105	107	99	106	129	108	132	129	130	106	123	98	117	108	101	124	122	116	113	110	119	131	112	93	104	119	112	114	125	117	126	112	114	109	122	114	92	121	95
129	136	129	157	120	144	148	152	162	162	179	183	203	195	221	238	234	232	259	270	252	251	213	204	220	178	153	143	137	126	133	132	107	121	122	144	113	125	126	129	152	131	111	121	130	128	118	143	112	114	121	115	129	125	114	119	122	115	121	113	119	119	130	98	111	99	121	139	115	123	145	113	127	109	116	114	122	107	123	100	117	120	114	128	130	127	106	120	109	114	115	123	103	111	105	110	115	91	112	134	91	127	113	108	132	116	105	116	121	96	115	148	112	133	134	119	103	113	110	146	134	118	106	111	110
152	144	144	140	164	152	155	186	165	179	176	187	199	232	221	233	254	270	269	269	258	224	229	204	199	179	185	146	161	164	135	135	140	130	133	119	123	137	119	112	115	122	131	135	131	145	117	119	123	99	104	119	119	115	151	118	120	134	128	121	115	128	133	125	124	154	114	110	112	107	125	126	104	111	112	136	126	116	108	111	124	119	131	120	118	120	115	113	132	117	105	107	111	126	127	134	126	145	116	119	103	118	125	136	126	117	112	113	107	115	110	139	131	132	107	109	125	110	116	118	120	127	116	120	125
155	153	147	166	162	183	182	164	143	159	196	178	218	213	278	266	264	279	282	276	240	255	233	191	183	177	159	143	154	137	133	116	128	132	117	135	123	127	148	126	120	125	121	130	122	134	112	134	111	117	116	117	111	131	108	138	135	126	115	120	114	136	141	113	144	115	122	130	130	129	129	139	135	132	92	110	108	139	115	118	124	115	121	115	141	142	95	115	97	119	106	116	124	117	121	125	118	119	111	125	113	125	120	111	137	113	106	125	112	105	131	108	119	134	138	115	117	123	130	115	134	124	118	118	121
160	202	191	173	186	192	178	196	185	207	187	194	226	271	244	256	296	266	280	260	235	225	225	208	172	175	163	150	155	160	159	119	120	127	115	126	136	137	126	112	129	131	124	134	115	125	130	131	109	109	134	124	138	116	116	145	113	124	116	137	119	114	125	135	123	126	124	134	136	124	140	129	131	116	110	112	122	140	112	105	128	119	110	111	124	113	116	96	114	142	108	148	131	127	130	101	114	133	128	128	134	115	121	133	129	140	143	113	140	116	129	127	152	122	128	117	129	134	133	111	124	135	118	115	115
168	172	206	198	207	206	180	225	242	241	236	240	227	264	290	301	327	287	256	257	250	251	200	199	178	165	187	129	140	132	138	146	120	125	141	131	139	143	146	133	135	126	143	128	131	159	133	134	119	139	123	125	117	128	120	129	140	128	120	125	132	130	146	128	122	138	138	123	132	118	119	114	133	122	121	129	137	119	102	114	141	127	129	110	126	146	124	130	116	122	156	127	130	130	122	111	121	120	136	115	115	109	116	102	95	133	141	119	129	111	119	127	136	137	118	137	123	122	112	129	135	124	125	134	125
164	186	225	227	220	214	257	275	250	257	259	250	296	255	334	330	300	294	301	242	240	215	171	180	176	160	176	146	146	153	142	143	121	143	133	124	130	131	116	121	117	130	129	125	128	102	124	137	127	131	128	132	137	151	138	135	136	134	124	134	122	109	142	131	139	153	132	137	131	162	109	135	117	151	135	127	129	124	129	147	137	153	140	140	127	119	115	132	121	128	137	119	130	124	122	129	102	108	117	134	116	137	98	145	119	144	121	119	103	115	125	141	119	125	124	125	125	102	130	123	119	124	120	123	104
183	211	232	272	274	253	323	317	327	335	300	317	294	325	322	330	341	290	269	276	253	218	164	184	170	164	162	137	133	155	136	135	134	139	148	137	123	159	151	119	131	124	135	133	146	138	131	131	137	132	120	142	135	151	160	136	128	145	137	126	134	133	143	127	137	105	147	131	151	150	136	102	123	134	135	134	127	125	160	129	137	127	130	130	156	139	129	113	143	113	137	148	129	116	144	119	125	106	131	116	120	128	133	128	144	108	141	128	128	120	130	145	134	152	121	119	136	123	122	129	122	118	142	135	120
197	221	238	294	329	351	354	405	375	375	361	393	405	345	349	322	284	305	271	287	257	198	206	177	183	170	162	137	155	145	166	161	139	134	148	118	138	137	139	131	136	156	124	146	129	152	135	152	157	141	154	124	117	139	143	145	142	136	138	136	122	125	140	140	137	159	124	144	138	136	115	132	154	119	153	170	120	152	139	140	155	131	123	148	141	142	128	156	137	145	140	130	148	141	139	135	147	135	129	141	151	133	147	143	134	137	153	148	140	132	128	117	154	147	143	135	132	129	145	136	131	140	139	130	126
184	213	257	298	371	443	467	521	440	502	449	429	418	388	370	325	294	297	285	254	208	215	196	173	155	151	168	172	161	138	138	141	125	152	156	163	139	152	136	165	142	147	142	155	149	133	122	131	146	127	146	160	143	160	142	144	138	140	135	148	152	135	157	168	147	138	129	137	141	159	163	134	126	119	129	135	160	132	139	158	157	134	137	142	114	135	137	129	147	154	149	122	145	150	151	118	115	141	134	145	143	142	155	133	137	136	146	154	138	139	154	143	145	140	120	122	117	145	133	144	153	148	140	144	130
163	197	266	278	384	496	579	638	623	548	541	525	475	437	426	333	330	316	259	261	234	214	162	214	171	158	156	162	151	155	145	158	145	153	147	151	160	130	134	155	140	137	155	147	139	161	143	147	134	160	147	147	140	154	158	132	148	148	163	147	154	163	151	146	153	141	137	157	130	153	150	139	148	136	119	130	142	132	136	158	118	137	124	139	131	150	150	164	153	137	122	136	141	129	154	124	136	138	131	155	156	132	148	162	147	137	124	153	147	144	133	153	161	148	132	138	142	156	149	134	143	144	153	131	128
178	200	244	338	374	517	672	727	746	701	597	556	520	456	406	359	303	290	266	252	234	188	176	185	186	158	149	182	170	147	161	144	142	135	164	154	160	131	133	148	149	155	144	169	141	160	151	135	131	156	141	145	136	147	159	149	137	131	130	161	149	149	163	161	122	144	140	142	139	139	151	155	146	127	163	136	146	144	124	119	151	134	139	149	151	150	131	131	139	132	144	158	146	165	150	136	157	142	147	158	157	135	130	147	144	158	156	126	172	126	128	163	151	149	144	129	159	135	146	148	134	149	118	172	137
179	224	251	316	429	538	692	799	921	837	785	690	602	483	417	388	348	287	231	226	194	193	176	168	184	179	160	192	166	159	143	155	170	142	165	159	172	157	170	168	140	133	155	145	150	172	153	158	158	183	162	162	146	164	168	150	145	157	153	157	152	159	148	165	150	138	146	149	136	166	150	151	156	153	169	147	140	157	155	136	168	143	163	150	150	142	145	164	145	168	169	153	158	150	139	142	149	146	129	137	156	117	167	141	162	142	157	140	151	152	156	151	166	169	161	147	155	140	150	152	137	147	146	160	149
194	234	212	268	361	481	693	833	1015	978	875	744	565	477	477	348	312	245	271	221	199	201	206	192	189	156	168	171	156	155	152	150	154	170	161	152	160	142	154	170	150	157	144	174	172	164	179	174	162	166	162	139	135	128	170	137	155	144	149	157	159	181	172	147	170	141	172	179	163	147	150	158	159	160	149	148	181	160	143	152	133	149	140	130	154	142	142	165	140	170	160	153	150	151	156	157	151	138	178	156	148	137	146	157	154	148	146	146	162	154	147	143	154	148	174	177	132	167	136	156	142	177	172	143	145
196	233	234	285	356	388	642	809	945	1030	957	834	653	501	429	373	309	273	249	254	218	213	189	163	159	157	153	172	157	178	165	169	165	167	172	175	137	165	172	147	168	177	176	144	168	149	155	143	158	148	172	161	116	150	145	147	159	152	155	168	178	165	167	149	145	158	140	138	151	128	167	134	141	156	164	161	147	132	168	163	154	155	147	173	183	146	148	137	167	138	162	164	174	158	163	176	178	149	172	155	161	142	162	151	181	148	158	157	150	178	164	145	179	138	171	138	149	164	145	167	144	151	159	161	146
210	239	248	276	307	393	558	766	927	1032	1018	859	650	510	403	347	327	264	227	202	194	225	189	195	172	155	165	144	162	158	159	158	164	171	169	176	175	173	163	151	144	167	184	156	171	172	154	164	173	171	158	157	167	145	165	155	154	138	162	163	160	151	152	144	148	171	159	140	157	180	150	163	148	133	166	150	152	149	133	147	163	148	164	145	160	158	121	137	173	146	142	152	140	158	148	160	160	134	153	152	162	167	155	169	147	156	179	161	139	147	160	171	165	165	154	153	161	156	151	166	181	167	164	151	141
243	206	236	269	327	401	522	744	948	1012	1050	822	724	542	396	351	302	281	214	218	200	205	188	180	168	187	171	165	145	157	176	153	162	168	146	161	170	161	151	171	169	149	151	165	155	164	142	170	161	179	144	149	160	187	172	180	151	141	160	156	142	151	155	158	177	136	164	168	151	153	168	186	161	164	158	146	166	124	146	167	170	159	136	149	186	165	171	163	142	157	150	140	158	163	148	146	170	161	174	165	162	155	146	163	134	164	170	139	150	161	159	164	160	153	148	162	162	136	156	165	149	159	150	147	148
249	265	221	325	347	383	504	661	827	961	898	802	654	534	430	356	293	267	217	232	190	157	170	171	143	156	164	167	188	157	151	166	164	159	174	168	160	154	155	164	167	157	171	172	154	138	157	166	135	150	172	148	156	163	173	176	121	145	159	154	158	169	171	156	171	140	151	157	149	144	158	167	153	143	157	176	163	157	152	140	160	155	158	134	150	146	161	169	162	147	158	154	141	149	153	142	160	162	154	141	163	170	126	143	148	130	166	162	142	158	134	152	155	155	135	156	161	157	144	165	137	149	149	143	138
311	303	272	328	347	398	519	577	714	833	853	768	621	508	404	296	252	260	207	225	204	178	162	158	169	155	180	162	161	158	136	174	144	144	150	176	174	153	144	153	151	185	137	158	169	168	152	161	151	168	156	130	144	152	158	163	151	162	154	144	152	147	157	174	180	145	164	146	137	168	133	125	158	142	151	138	150	158	147	161	156	153	150	143	151	143	162	155	148	146	158	136	145	153	116	146	137	144	161	151	143	147	171	156	144	164	140	140	160	152	146	124	152	156	146	158	153	163	154	165	134	156	151	119	130
325	354	349	406	438	452	560	594	703	774	679	671	561	455	340	285	233	216	238	178	165	173	178	183	157	140	130	153	165	166	152	152	169	153	154	144	151	147	167	129	158	146	156	153	166	174	183	161	143	145	144	174	156	172	148	127	174	141	127	141	148	163	146	159	156	158	175	159	150	152	146	151	133	147	137	147	176	148	140	171	159	153	158	141	133	156	156	150	164	145	146	139	161	142	137	167	153	142	151	161	122	152	148	144	135	134	174	154	160	191	174	138	144	145	160	151	134	160	156	167	151	147	148	151	158
359	385	462	557	599	636	646	632	652	730	704	604	483	388	348	276	224	201	157	180	185	193	166	172	156	156	168	157	146	149	173	150	145	166	146	144	154	160	181	164	168	161	137	147	157	172	152	145	139	163	170	143	193	166	157	141	145	166	178	145	152	148	158	144	163	156	142	144	166	157	157	179	148	175	152	132	140	152	148	141	138	178	169	172	167	153	147	157	148	144	150	152	162	142	173	143	168	170	164	140	164	130	151	144	151	159	140	161	160	151	140	155	167	175	159	135	139	158	144	170	168	140	161	165	145
369	456	588	746	848	849	739	728	640	645	633	530	468	375	327	273	218	217	186	198	156	174	138	159	142	151	168	148	163	150	177	150	144	171	177	171	184	163	163	167	164	147	157	168	149	166	165	172	158	165	153	152	159	147	148	177	158	168	178	156	159	162	153	162	169	171	171	165	154	153	156	154	185	156	146	151	146	158	155	162	152	135	149	151	181	128	163	147	150	158	148	131	168	160	146	149	153	166	177	157	140	147	140	158	161	148	161	149	149	165	168	168	171	185	148	169	153	162	160	153	142	154	146	165	150
353	476	718	971	1091	1032	938	773	715	650	547	499	431	369	331	248	208	205	194	181	187	182	169	181	170	173	173	163	173	158	170	160	154	149	162	163	145	177	146	159	185	190	168	150	177	169	173	159	170	162	146	151	170	170	165	189	187	156	173	191	177	180	160	137	182	146	185	154	162	169	160	162	154	160	159	160	177	172	182	135	174	154	152	161	162	157	156	146	164	161	135	162	172	161	151	169	160	156	157	173	165	149	157	173	175	173	160	148	168	161	146	165	139	174	158	178	171	172	153	154	150	159	153	137	164
340	463	808	1072	1329	1316	1103	990	805	664	540	468	397	320	275	254	203	197	200	185	167	186	159	176	148	147	177	180	160	186	158	155	188	166	180	161	176	179	187	168	151	174	167	178	170	180	169	175	169	152	149	178	145	169	166	157	168	184	140	167	171	130	159	142	176	172	153	176	152	149	179	145	135	148	152	166	170	173	142	160	193	164	173	168	138	159	143	172	155	179	184	159	153	140	151	178	146	172	175	159	169	176	162	149	158	158	157	169	172	158	170	162	155	157	160	167	171	178	160	177	163	177	159	167	156
304	438	743	1146	1389	1592	1400	1157	871	688	550	431	373	329	279	231	244	187	211	174	196	195	166	150	168	160	174	158	183	194	182	191	167	159	170	149	172	194	159	150	132	153	176	152	147	155	137	176	183	197	184	164	173	169	150	169	171	178	173	156	174	176	169	172	169	156	159	176	161	178	160	190	149	170	147	157	172	182	151	167	192	140	176	143	148	162	150	160	166	157	153	152	165	170	154	172	164	165	194	162	173	158	165	152	160	160	187	148	170	137	139	172	180	161	164	165	171	145	161	167	166	182	134	149	165
272	386	730	1062	1430	1663	1569	1315	976	730	575	391	327	293	286	224	236	217	193	195	175	163	162	149	160	157	150	177	170	166	159	164	152	137	203	174	196	158	173	179	154	157	172	164	180	147	172	183	135	173	151	167	129	165	151	136	177	167	153	155	170	156	156	158	175	176	184	157	163	164	162	164	177	154	158	177	162	162	155	180	157	171	159	156	149	155	142	152	173	173	164	157	137	146	170	130	168	169	171	166	173	168	155	159	149	140	131	170	167	168	162	163	157	147	148	167	177	158	178	175	170	144	159	161	171
235	344	579	917	1331	1537	1574	1369	1010	755	579	416	330	292	242	237	198	176	206	159	181	179	152	173	135	159	186	163	162	180	174	157	173	152	160	162	150	163	161	139	151	149	160	171	162	150	149	172	162	143	161	163	184	169	173	145	163	162	163	159	181	177	158	175	164	142	146	176	147	147	154	180	155	156	180	144	163	145	158	153	156	157	154	167	157	163	169	154	151	160	180	169	143	146	137	145	164	175	131	154	160	159	147	134	179	140	165	146	141	163	147	163	175	150	170	177	148	152	159	153	176	156	162	167	165
203	279	459	794	1139	1439	1458	1360	997	711	515	378	312	256	229	217	227	172	184	173	157	157	151	156	169	161	154	167	156	161	147	151	173	150	153	147	142	151	164	164	153	171	172	144	156	161	169	154	164	169	132	160	167	162	167	165	151	137	139	163	181	141	154	147	173	138	177	157	121	159	160	135	144	177	145	160	170	172	136	168	148	158	147	145	166	162	148	168	151	137	167	145	147	157	145	174	155	146	159	159	140	160	151	158	171	166	131	143	168	141	148	159	136	147	159	174	126	161	163	132	138	141	145	134	151
183	250	387	584	871	1208	1267	1064	862	634	484	347	275	256	202	192	172	158	175	152	154	142	145	147	145	139	144	165	145	139	138	159	132	148	154	147	145	145	153	129	145	136	132	142	148	159	125	153	148	151	140	124	133	160	144	149	139	153	139	138	145	128	137	187	150	140	130	144	145	134	156	158	152	138	144	125	148	147	183	123	141	149	144	144	134	132	114	129	135	151	125	123	148	136	125	135	139	121	133	138	137	152	152	132	132	145	147	136	133	142	135	151	149	140	134	133	144	152	122	138	145	131	153	139	130
172	199	298	441	657	874	951	911	738	585	363	305	234	218	205	166	161	158	142	141	126	149	159	150	146	145	152	141	139	132	142	147	156	124	147	157	119	127	138	138	122	146	135	124	124	146	133	112	142	152	148	137	128	141	130	150	138	131	128	137	129	150	150	138	150	118	148	119	129	114	139	136	134	140	136	133	125	142	144	124	132	137	124	135	130	112	130	137	121	153	110	127	137	160	133	125	134	138	120	133	140	143	125	120	126	150	130	141	132	122	126	139	132	126	128	136	130	130	125	142	131	136	134	138	141
149	196	232	347	467	599	736	738	595	438	376	278	223	168	173	155	135	129	148	135	134	126	159	112	143	114	123	135	126	112	144	144	126	125	125	142	127	144	132	141	129	116	125	128	132	115	111	135	142	135	121	140	135	108	126	127	140	114	108	115	131	124	132	104	116	125	114	115	113	124	139	144	128	112	124	110	138	132	119	117	128	124	130	108	101	122	117	112	117	122	112	114	115	138	130	145	137	137	114	130	124	103	129	136	110	122	129	113	142	119	113	131	137	133	106	129	112	136	121	134	136	136	117	135	118
148	160	228	287	394	481	550	557	450	378	302	228	208	154	156	123	141	131	130	120	156	119	118	135	122	132	132	124	120	138	126	137	130	121	140	138	116	123	129	106	128	115	128	142	119	118	134	132	115	132	95	111	145	127	106	109	116	119	118	112	112	126	126	129	131	115	125	137	118	136	129	124	124	126	108	114	135	130	123	143	111	121	108	111	106	105	130	119	129	94	108	107	111	115	122	105	110	117	118	109	120	108	120	101	116	108	124	119	137	111	93	128	121	130	129	130	129	119	123	134	112	115	108	118	106
132	175	185	234	303	400	422	456	375	284	272	195	183	160	131	157	123	122	132	126	122	117	115	108	107	128	107	101	131	112	124	106	115	108	109	111	100	114	139	103	103	121	127	118	97	120	133	107	113	110	112	108	119	102	127	116	119	108	119	124	114	108	113	107	118	115	117	123	111	124	118	90	118	110	104	109	106	115	121	98	106	105	108	118	105	111	96	97	118	90	115	109	112	113	95	119	104	112	97	133	97	115	113	104	120	128	92	102	112	113	86	120	114	115	95	108	120	122	127	101	103	118	105	103	118
118	130	134	224	246	289	344	361	288	259	186	173	165	149	138	133	96	123	118	131	110	96	115	117	104	116	102	112	120	106	102	99	110	124	97	85	112	98	111	113	112	108	109	121	109	121	131	115	110	109	103	94	103	114	97	98	102	114	107	109	96	120	117	117	111	100	96	98	125	108	111	122	93	111	103	98	96	97	98	115	95	99	106	104	96	103	93	94	105	89	119	88	107	114	93	115	107	104	92	94	97	110	97	98	118	92	107	106	102	104	102	99	116	80	124	96	108	94	107	96	118	102	110	116	95
117	133	149	182	225	229	256	255	238	200	178	155	134	113	106	109	100	108	104	97	102	100	126	114	101	118	113	97	95	88	108	109	99	98	105	101	95	103	94	109	115	122	98	94	113	117	98	91	104	105	111	103	115	104	80	106	104	75	98	121	98	103	109	115	92	98	127	107	114	99	115	97	95	111	94	105	106	95	70	94	101	90	104	94	84	96	118	90	117	91	89	97	95	122	97	113	92	96	88	87	89	94	94	102	111	101	84	93	99	91	92	91	107	92	104	112	108	98	92	97	94	99	108	103	88
91	109	129	138	197	201	194	191	197	151	125	134	109	111	103	106	116	122	104	100	71	112	74	97	96	101	108	85	91	83	103	99	74	108	110	95	102	89	101	96	97	84	99	85	111	100	86	90	84	83	100	95	83	101	87	105	88	97	96	96	120	110	109	102	99	96	103	93	86	111	76	104	84	84	98	89	102	91	97	82	96	96	85	88	89	105	104	102	88	79	104	88	70	85	82	99	89	88	96	81	80	74	87	100	90	81	85	100	96	68	89	90	91	95	89	93	93	90	80	96	87	97	73	112	86
87	120	133	153	140	208	151	179	163	160	119	104	114	110	91	106	85	107	89	106	106	77	90	84	86	94	95	101	86	90	92	99	95	87	82	84	101	80	90	80	92	89	91	102	95	84	80	86	80	91	77	77	83	88	75	93	80	106	82	108	102	102	103	91	76	98	71	89	72	83	89	73	67	85	87	90	93	90	79	86	69	92	73	95	91	73	92	80	76	84	94	92	76	82	88	76	86	71	99	93	89	90	88	86	86	81	77	77	75	89	84	91	89	83	78	90	94	102	81	92	81	93	96	71	87
107	97	116	160	156	152	174	142	109	125	125	104	99	93	86	87	95	90	95	100	76	83	88	96	77	79	80	74	95	60	83	85	97	84	90	85	91	95	76	90	69	85	85	76	87	84	99	67	96	75	86	89	84	94	88	103	100	67	90	82	76	82	88	76	74	82	78	96	74	77	60	59	73	76	83	77	78	67	72	73	69	79	101	82	70	73	86	71	87	76	78	67	71	76	73	69	75	61	76	102	89	67	85	81	87	77	97	72	76	66	91	86	75	80	75	73	93	88	63	86	92	75	80	70	79
66	80	94	120	118	125	150	132	121	85	114	77	84	86	87	77	64	80	81	99	88	63	99	84	81	69	76	84	81	66	77	91	71	73	81	72	80	72	61	87	75	97	75	82	73	87	70	99	79	79	85	81	94	65	92	77	102	68	91	69	85	91	76	82	85	86	74	68	69	98	57	59	76	70	73	76	73	63	73	74	58	79	71	64	87	75	68	69	67	78	77	76	78	62	70	64	74	76	88	76	71	81	78	77	68	85	73	81	78	75	88	82	77	92	76	83	78	70	61	83	82	75	63	76	57
74	78	110	105	111	121	146	103	96	102	98	87	76	85	71	73	77	69	62	76	69	71	74	103	62	93	70	83	71	102	81	74	77	89	70	72	72	64	76	76	71	74	63	74	69	83	73	71	98	85	77	90	73	88	72	69	60	56	83	87	82	69	69	68	81	76	66	58	61	66	61	65	61	56	75	68	80	70	68	70	77	82	73	69	81	57	81	62	76	74	55	71	74	85	76	76	66	72	71	55	65	59	53	64	83	77	70	63	76	71	84	63	80	63	65	54	72	62	65	75	74	79	61	66	58
80	70	88	95	88	122	104	95	91	87	70	72	84	70	86	77	73	76	80	65	83	66	67	90	69	79	79	73	82	69	75	68	80	63	78	83	76	84	71	66	69	80	62	66	62	61	80	72	74	72	79	71	70	54	64	85	70	80	81	60	60	88	86	70	67	63	72	62	74	61	56	57	64	45	70	57	72	60	76	60	69	72	67	74	68	66	67	56	66	57	57	72	65	78	66	57	59	74	74	84	60	64	65	65	67	64	87	63	69	71	78	85	64	57	68	72	66	75	75	67	71	62	62	71	69
71	74	96	96	81	91	91	81	77	72	72	82	65	84	71	74	62	59	69	64	63	91	60	89	70	71	73	59	79	75	69	67	63	78	68	61	71	80	60	67	63	62	59	79	85	84	76	76	79	53	81	67	67	71	74	78	60	47	55	56	87	82	61	60	69	65	72	54	68	58	60	60	53	49	54	58	65	50	70	63	56	69	76	62	57	57	46	75	74	54	54	53	65	62	61	67	47	65	55	77	59	63	57	49	59	60	69	62	84	71	60	50	61	56	63	65	52	53	70	51	79	58	73	44	54
62	59	78	80	85	88	76	83	83	67	63	67	75	61	85	69	73	66	77	78	77	61	79	64	81	65	76	58	72	71	68	77	65	76	74	63	53	65	57	71	63	72	80	65	71	63	65	61	75	73	73	73	59	58	60	55	70	58	65	73	62	74	85	76	52	70	70	62	64	72	61	65	68	59	66	59	54	69	57	69	70	67	62	57	56	54	71	69	56	56	59	71	67	52	53	54	53	61	49	65	67	56	53	54	60	51	59	59	74	54	68	71	64	86	68	59	68	66	56	79	75	66	59	56	65
71	68	69	73	74	87	89	78	73	95	65	77	61	60	56	80	70	61	70	61	60	64	66	71	58	81	60	71	81	70	67	67	69	56	62	60	56	74	50	63	70	70	66	81	67	63	75	72	53	71	82	55	68	68	71	62	61	62	77	63	68	65	66	51	70	63	70	69	74	60	58	67	78	60	66	41	66	57	58	62	62	57	53	65	58	52	62	62	68	53	56	53	61	61	54	56	64	65	66	69	52	62	47	55	57	54	62	39	73	64	57	53	80	65	57	57	58	51	58	61	62	49	59	48	66
59	69	88	80	65	80	88	82	60	87	87	65	76	84	75	66	60	72	67	80	56	61	75	54	72	60	67	52	46	77	73	66	52	78	66	68	63	77	68	75	72	51	71	70	69	82	74	77	63	63	73	62	77	52	55	72	60	74	56	56	66	45	62	80	71	66	61	63	72	67	46	56	60	48	59	67	63	57	66	54	68	56	71	57	48	58	58	68	67	55	56	56	62	55	55	54	77	63	69	54	70	66	59	62	53	53	60	61	66	53	58	63	75	62	47	53	67	44	55	47	62	48	69	42	58
65	61	77	63	81	81	76	68	79	73	71	70	60	73	76	65	61	65	64	48	62	65	68	76	66	61	65	72	75	62	77	60	60	72	59	66	72	60	68	66	74	81	76	68	66	60	69	57	62	52	78	58	69	53	67	50	57	81	64	67	76	57	68	77	60	66	58	51	52	71	73	60	56	68	62	51	61	48	60	66	56	53	56	56	53	54	64	62	61	58	47	65	68	60	57	57	60	65	64	58	53	67	55	48	66	59	62	59	61	72	72	64	55	44	61	67	53	62	62	62	62	57	45	58	51
63	56	75	66	73	72	77	63	60	69	74	75	69	63	51	73	54	79	57	76	64	54	66	66	53	69	68	55	61	71	63	61	61	75	62	66	63	67	54	56	58	81	64	62	60	65	73	58	78	57	49	66	51	69	53	62	59	56	69	50	69	59	62	70	68	62	63	70	61	56	56	53	55	53	38	62	61	51	46	50	67	52	53	66	64	50	65	58	50	67	59	62	48	69	49	52	61	63	54	55	53	63	46	50	47	62	67	77	65	60	65	60	52	63	51	42	46	58	49	57	53	72	67	60	59
76	57	58	75	80	64	60	68	68	73	57	76	66	67	72	70	58	70	75	64	70	61	60	71	65	70	80	67	65	76	72	81	51	69	56	59	75	60	80	60	56	65	61	64	73	67	78	69	74	66	40	62	60	67	58	70	61	68	72	64	75	71	58	61	57	70	68	57	44	51	50	80	58	60	62	52	40	53	56	56	50	39	61	52	61	63	77	71	55	55	61	56	61	57	51	61	48	64	66	67	53	54	56	66	52	50	58	68	59	53	54	50	73	53	54	57	59	51	62	52	61	59	54	58	51
64	72	69	70	68	75	49	68	66	67	80	69	75	58	73	66	68	58	56	76	65	74	74	63	60	77	67	75	68	59	56	68	73	59	73	61	55	63	55	64	59	60	55	68	61	45	72	65	63	58	65	63	66	67	67	73	59	62	76	60	78	62	69	81	68	72	60	61	59	47	67	48	55	51	57	55	44	54	64	61	45	48	55	55	56	55	56	50	56	41	47	64	55	58	63	44	53	53	53	79	52	67	62	52	58	59	59	52	61	60	75	60	60	47	56	54	66	65	46	67	61	59	50	34	59
80	60	69	87	66	62	62	78	62	65	56	67	78	64	49	69	70	60	70	62	68	62	61	68	61	71	63	72	53	69	65	74	72	71	58	46	62	69	68	78	49	60	65	57	72	56	61	72	54	67	43	66	60	79	74	58	75	60	68	57	57	69	55	71	82	58	63	56	51	58	48	43	64	53	72	50	58	41	70	57	57	39	52	59	61	41	52	68	43	67	43	49	50	53	47	63	55	59	59	64	62	46	66	58	57	66	64	53	52	59	43	58	73	51	56	64	62	55	55	57	45	66	60	47	43
61	62	68	70	52	63	51	46	67	69	67	68	74	60	61	78	62	79	61	64	68	72	69	54	58	61	78	57	64	60	68	57	73	65	55	58	58	59	62	53	75	67	58	73	68	71	70	51	75	63	65	65	51	59	58	70	51	57	61	72	63	69	58	52	84	68	58	52	50	45	52	51	58	57	58	51	62	56	53	66	62	51	59	53	59	56	49	48	62	55	64	59	65	57	52	56	63	56	55	59	51	49	55	69	70	52	58	58	57	52	58	58	52	55	62	53	48	44	72	56	50	54	64	54	44
52	78	78	52	68	58	54	70	63	58	60	47	49	66	65	84	61	73	63	74	64	60	64	54	66	63	60	77	71	59	48	85	73	48	54	76	72	54	60	79	75	56	74	64	66	74	55	69	57	52	68	61	55	71	60	78	64	72	77	56	75	67	56	75	65	77	77	57	54	55	56	50	48	61	55	44	63	61	49	46	61	63	45	51	54	53	38	64	41	48	51	56	50	48	47	69	66	53	60	46	61	65	50	63	52	50	58	55	51	54	61	49	51	53	50	64	48	57	55	61	62	49	57	51	45
70	59	54	64	56	67	66	45	69	53	62	57	48	74	50	56	65	53	61	64	59	65	70	57	62	64	52	72	65	52	76	75	67	75	55	57	68	72	53	65	70	72	61	57	69	60	59	66	56	68	75	60	64	55	68	54	58	73	68	85	53	65	60	70	62	58	69	52	47	55	46	47	52	46	41	42	64	48	54	53	53	49	45	46	53	49	53	63	50	61	52	57	45	51	47	54	60	57	46	58	52	44	55	67	64	72	64	57	62	55	56	63	41	59	34	51	52	46	65	54	48	53	48	51	57
49	49	58	69	72	58	74	50	74	57	46	77	58	49	52	79	68	63	54	60	51	74	64	66	59	62	65	49	61	56	60	61	67	74	68	63	60	58	43	57	62	58	62	73	63	72	74	63	76	68	79	55	67	62	50	57	57	53	65	63	58	54	45	56	53	62	57	72	60	58	63	51	43	49	53	47	48	46	53	54	52	48	54	60	47	52	45	64	49	58	59	53	42	61	45	57	56	55	51	56	43	45	60	54	54	61	55	67	59	55	43	62	54	60	45	55	53	49	69	48	62	54	56	42	43
65	63	54	57	68	66	69	48	70	75	68	52	59	68	47	74	63	74	67	65	62	56	55	55	59	63	62	73	60	61	61	64	69	50	65	71	48	57	51	48	63	69	59	56	60	61	63	65	54	67	66	59	73	66	53	83	48	67	73	65	51	59	45	58	69	63	52	51	62	63	43	61	55	59	44	65	49	41	57	57	57	66	48	44	40	72	48	35	53	45	50	47	46	59	45	47	46	59	49	46	53	40	58	49	64	60	60	46	50	45	64	47	55	43	42	60	68	63	45	60	54	66	45	49	41
59	55	46	56	61	65	59	63	48	43	68	58	60	61	61	55	46	60	64	67	80	67	63	55	63	57	61	62	62	73	49	61	58	69	62	71	66	62	49	59	63	48	71	57	63	61	64	54	51	61	49	62	57	67	58	68	50	69	56	67	71	46	61	65	49	49	58	47	57	50	70	41	51	46	53	49	67	43	53	50	37	47	51	58	47	61	61	30	54	45	45	59	43	57	37	44	56	56	42	49	57	67	59	52	63	51	64	54	69	63	51	48	44	53	36	50	62	48	56	41	52	51	48	45	39
44	54	50	57	58	56	61	62	63	64	70	68	48	64	60	59	53	55	51	60	54	61	50	46	52	66	57	67	59	57	61	44	76	51	59	64	62	61	57	59	73	50	53	52	49	51	56	51	54	56	67	71	47	59	55	51	65	38	47	59	70	53	61	56	53	61	57	43	62	44	40	45	59	42	55	46	50	50	44	45	50	34	50	60	50	38	38	57	46	48	66	61	41	48	58	41	51	52	40	51	62	39	56	56	61	39	56	38	68	48	41	69	54	39	46	48	47	45	52	49	50	43	43	61	51
61	59	58	56	52	57	58	62	60	50	71	53	60	60	53	49	41	62	58	49	57	55	61	46	60	41	56	41	47	59	54	60	60	57	41	47	47	59	41	49	51	44	55	50	54	48	50	61	56	62	41	52	51	51	58	60	48	49	57	62	53	48	48	63	56	49	54	56	51	48	58	55	46	40	50	42	53	70	63	43	50	43	46	44	47	48	38	55	50	48	56	40	49	51	60	51	61	65	57	50	52	54	54	44	61	51	56	48	53	40	59	52	50	47	42	43	51	48	38	41	37	49	60	51	35
64	54	54	40	43	61	42	61	55	48	50	53	51	46	51	43	48	56	43	59	49	46	50	50	47	54	31	57	57	50	67	60	56	50	59	51	45	55	41	57	51	40	49	68	52	65	44	49	52	56	47	46	40	39	37	54	53	47	46	56	44	57	52	52	39	54	54	48	61	57	56	58	42	53	47	51	51	43	57	42	44	42	50	45	56	39	51	52	44	48	53	49	46	51	34	49	47	51	49	42	61	53	50	40	57	54	55	41	51	40	49	47	55	51	53	57	45	45	52	62	56	44	52	44	42
49	40	41	32	48	48	53	55	36	47	40	43	23	49	46	50	48	40	46	68	58	41	50	46	63	42	36	50	49	40	47	55	52	55	49	43	45	43	34	66	60	51	54	52	59	59	58	39	37	54	49	37	44	44	48	47	61	63	36	55	43	37	44	51	42	41	57	55	40	48	41	31	48	52	52	59	49	31	44	46	39	61	47	41	47	44	46	40	50	46	59	38	45	42	52	52	54	49	41	38	55	50	56	53	39	47	52	36	57	38	41	40	52	47	39	41	49	62	36	46	48	51	54	45	34
42	70	40	42	41	43	48	55	53	41	49	45	36	39	48	37	39	54	40	51	58	55	40	56	62	58	49	41	45	49	46	44	47	47	50	35	49	36	45	36	48	52	51	37	45	41	54	52	45	46	51	49	39	61	54	45	49	44	33	47	47	32	38	46	46	58	63	35	43	45	42	43	34	35	54	50	37	44	40	45	35	47	39	37	41	50	45	50	42	44	37	42	48	45	44	53	50	50	54	58	49	45	53	45	58	32	54	44	50	36	49	36	35	43	42	45	48	48	46	39	37	52	44	59	32
53	32	50	44	39	44	44	49	44	23	37	48	36	38	63	37	41	42	38	35	42	49	45	45	46	43	34	39	46	38	49	43	61	44	48	43	31	49	48	47	40	51	47	35	48	37	48	58	43	35	41	41	41	56	44	35	43	51	50	43	44	45	45	40	43	41	37	42	44	38	37	47	48	50	48	39	39	47	33	41	47	39	35	41	47	55	43	36	45	41	54	37	38	43	53	47	47	49	56	41	39	36	50	46	47	55	42	42	43	59	44	38	43	37	42	35	55	42	43	51	41	41	37	41	41
42	51	33	39	36	41	39	38	48	41	50	45	45	44	43	37	44	46	55	49	33	40	43	53	38	46	40	40	46	43	41	41	38	47	30	42	45	32	45	39	35	40	51	49	35	50	48	38	42	39	52	52	50	46	52	40	36	46	46	35	51	53	33	47	61	47	39	22	45	49	43	44	42	40	45	41	38	38	28	43	50	43	44	34	52	51	51	48	41	37	38	52	46	44	58	69	36	56	49	41	62	46	51	50	35	49	48	52	49	47	49	42	43	40	41	48	42	44	40	52	40	44	43	48	41
39	36	47	45	35	38	55	37	45	46	38	37	41	34	40	42	41	53	40	33	38	42	36	50	37	45	47	42	36	49	49	41	35	31	40	20	47	42	42	47	42	47	50	27	38	37	47	40	41	49	25	51	42	33	35	40	39	47	48	49	50	56	38	43	50	50	37	38	47	38	36	39	42	45	40	40	40	46	51	57	42	45	52	36	47	37	41	40	42	41	37	38	44	58	32	31	57	47	49	56	53	36	52	57	43	43	42	48	33	38	42	54	39	45	37	52	39	35	42	33	49	50	32	35	45
38	40	44	44	46	29	46	34	43	51	35	39	45	44	48	44	45	51	31	37	38	51	45	39	43	41	36	46	39	28	27	51	47	47	44	54	34	36	40	36	40	36	45	47	42	41	46	33	48	35	32	40	39	32	38	46	37	38	36	30	33	41	35	38	43	38	45	38	33	36	40	45	47	42	39	50	34	38	39	44	32	43	49	50	34	38	48	41	34	44	44	44	47	48	34	49	47	45	40	54	36	46	53	49	37	38	34	45	38	40	48	54	39	42	39	39	35	39	47	43	39	43	41	47	31
51	34	47	45	38	39	45	47	50	34	40	39	28	31	41	42	44	35	40	38	39	28	37	46	39	33	43	34	46	32	35	34	38	46	46	46	38	54	44	34	47	46	49	40	53	31	40	38	55	39	37	37	33	46	36	27	38	34	52	55	46	40	37	34	27	46	38	34	27	37	48	34	39	51	38	44	37	37	52	46	51	43	36	44	39	41	57	32	41	47	44	50	45	42	38	39	49	47	37	51	42	47	47	45	33	34	47	43	28	26	37	57	37	52	45	41	41	49	47	45	50	52	43	51	33
42	36	41	36	44	39	46	25	36	58	36	35	33	38	35	37	44	48	46	37	46	38	32	41	44	46	48	46	39	44	33	49	42	41	41	35	38	46	43	36	41	47	42	43	50	53	38	41	50	48	45	31	35	45	34	37	42	47	41	39	34	41	43	37	39	39	41	41	41	43	38	43	42	32	40	36	33	36	35	37	38	43	45	41	37	35	43	45	39	44	35	61	35	40	43	53	37	44	48	38	50	50	40	44	46	38	44	42	43	36	38	47	43	37	40	39	53	50	31	45	35	38	43	46	41
40	29	46	31	44	48	48	52	36	39	35	42	29	47	40	46	43	38	38	47	54	43	44	38	44	43	40	46	42	45	27	39	49	38	40	37	34	38	45	44	43	37	28	29	36	35	34	37	36	44	48	40	40	52	48	42	47	41	45	35	45	43	39	38	43	36	39	46	41	24	50	44	53	41	50	50	38	34	30	45	32	35	44	39	51	50	53	38	29	49	27	38	45	51	45	36	50	42	45	42	35	41	32	47	39	44	46	49	41	33	60	38	25	37	43	40	37	35	43	35	37	32	38	36	31
41	43	41	40	47	33	36	32	39	36	42	36	47	39	34	50	35	40	35	37	31	43	53	37	45	42	36	46	37	39	44	42	43	38	40	30	53	40	40	40	45	32	44	45	43	37	43	49	43	52	37	49	36	41	36	36	34	36	32	39	46	50	31	26	45	43	35	31	33	48	37	33	55	43	51	30	44	45	41	45	38	52	39	40	30	35	48	42	35	45	47	29	36	59	47	49	36	43	45	46	58	42	43	41	46	47	47	44	39	47	35	45	39	40	37	38	42	46	38	39	47	50	40	36	43
41	47	38	34	38	33	44	47	32	36	36	36	44	39	34	48	52	33	38	43	44	34	55	48	38	44	34	33	40	28	42	45	45	43	44	36	39	42	47	35	48	45	46	50	36	44	50	35	40	35	40	29	32	41	40	42	43	31	32	43	32	46	35	37	35	49	42	46	46	46	25	34	44	34	51	47	30	36	42	32	45	48	41	49	40	42	46	53	48	52	58	57	40	48	49	44	52	45	46	43	37	41	47	49	38	39	43	43	30	40	39	31	54	45	46	36	46	33	47	37	37	42	44	39	33
49	47	44	34	36	35	38	53	50	39	46	35	40	42	49	37	45	46	40	51	38	37	42	38	41	42	49	46	57	36	37	41	45	27	37	39	33	37	46	40	42	42	53	42	49	40	44	59	36	39	43	40	30	35	34	32	36	36	42	43	44	30	50	39	42	32	48	42	35	39	44	39	38	36	45	40	40	43	35	32	37	43	33	48	48	58	37	41	56	39	42	36	58	47	54	57	46	49	43	30	49	42	51	40	44	36	45	36	32	39	45	44	42	32	37	29	40	52	41	41	35	43	41	35	40
29	31	48	40	40	39	53	46	26	40	39	44	45	32	48	47	36	49	31	46	36	38	38	42	37	35	48	44	39	29	39	38	50	38	51	45	36	35	42	31	30	38	42	42	36	35	46	54	38	35	35	44	32	54	51	47	40	57	38	32	38	44	34	41	39	34	40	39	39	41	47	41	36	35	48	30	45	33	33	47	49	37	48	53	31	46	44	46	47	42	47	37	41	54	49	41	58	33	49	49	42	35	52	30	36	38	45	38	39	40	41	45	47	27	27	31	36	48	48	35	32	46	53	33	38
53	51	32	44	50	54	36	45	44	42	44	37	41	44	41	49	34	28	24	55	41	26	40	44	34	47	34	40	43	41	51	54	38	43	33	39	47	39	40	51	41	28	37	39	45	43	34	36	32	50	42	52	44	46	42	48	40	32	46	46	33	45	48	44	42	36	44	55	41	49	46	45	32	47	39	37	40	52	38	40	51	40	41	34	54	36	62	61	43	61	46	53	42	46	48	50	43	41	42	42	48	37	45	39	47	42	42	48	36	45	44	46	41	32	47	34	40	53	43	52	40	40	44	47	30
38	42	43	39	39	42	33	43	36	43	48	45	41	32	40	43	54	35	32	45	55	38	43	42	48	29	36	46	40	37	39	52	42	40	42	43	38	44	54	39	38	38	35	38	36	33	39	43	34	34	44	39	38	32	45	48	43	35	37	41	40	44	50	40	37	33	27	41	40	45	55	44	43	42	33	36	33	36	33	55	51	39	38	34	46	48	52	37	42	45	46	57	35	53	45	49	61	32	49	48	42	42	29	42	40	47	32	35	35	36	40	43	41	49	37	40	44	56	42	48	30	46	59	35	27
38	42	42	47	38	47	48	52	40	46	45	35	45	42	58	36	33	33	38	36	42	46	34	46	46	48	46	48	49	45	51	39	41	29	41	41	34	41	43	47	37	42	38	37	45	57	44	37	40	44	38	41	50	39	41	52	44	37	33	47	37	41	45	44	29	44	38	46	37	47	35	51	45	42	42	32	49	45	43	26	43	47	49	39	39	39	41	53	39	51	36	58	50	63	47	45	39	39	46	48	43	43	57	45	40	35	37	41	41	43	41	56	44	42	34	48	41	26	35	38	44	35	47	37	41
34	43	36	56	53	40	50	33	30	37	37	58	32	34	38	47	29	41	46	28	48	38	45	33	38	34	43	41	44	40	44	47	47	21	39	53	47	37	44	29	54	53	38	43	37	47	49	51	38	50	47	49	43	49	45	53	45	49	61	35	44	48	42	31	42	45	43	44	36	47	41	45	35	34	39	43	42	42	43	41	49	51	53	50	46	47	57	43	47	43	54	54	47	47	45	41	50	48	37	60	35	42	54	43	32	45	41	41	40	47	47	42	37	36	54	34	46	44	45	35	42	47	51	46	38
44	38	42	56	42	34	46	55	47	40	39	49	48	36	44	47	40	39	43	40	59	41	51	40	47	34	54	44	42	43	38	64	51	44	47	48	37	37	41	41	33	32	42	41	43	31	38	37	41	42	38	53	29	32	42	38	38	44	52	43	34	34	48	47	27	38	42	47	61	41	41	52	54	39	44	30	41	41	43	55	51	64	52	50	58	55	47	49	46	57	58	44	55	47	57	56	56	48	47	41	36	36	49	38	31	45	35	38	33	44	41	45	39	50	40	48	39	44	50	48	49	50	36	32	32
55	38	44	40	32	52	35	45	58	42	36	49	36	47	42	35	38	43	41	33	51	37	49	51	44	47	40	48	43	49	47	39	51	39	29	44	50	53	41	53	50	41	42	63	51	39	55	40	44	51	40	37	43	41	35	51	53	44	45	53	49	54	32	33	40	46	28	42	45	48	51	43	45	54	45	47	41	52	53	45	52	46	63	56	51	58	52	57	46	44	58	41	56	56	62	54	40	51	55	50	51	35	45	46	52	50	41	48	46	56	41	37	47	57	42	25	45	39	37	50	53	47	49	40	40
45	47	43	45	34	38	43	42	43	46	44	38	35	55	43	48	49	34	53	52	43	40	51	24	53	46	45	54	41	44	42	38	42	43	53	51	40	47	38	54	53	41	38	47	44	46	46	53	33	51	34	38	51	35	41	34	42	70	45	40	39	55	43	40	42	43	43	50	40	42	50	49	53	47	46	53	36	59	43	65	53	50	40	61	55	61	44	54	58	58	52	59	64	50	55	54	42	44	36	35	58	53	41	44	34	40	41	42	53	56	39	49	49	49	53	44	38	47	44	57	39	54	36	40	36
49	31	31	42	45	48	51	48	46	52	44	60	56	34	38	46	55	39	51	46	52	40	52	51	36	45	43	39	34	43	40	49	43	39	44	62	49	47	47	50	51	35	48	37	52	42	55	39	37	48	36	49	41	38	51	42	34	49	56	47	48	47	56	36	37	38	41	39	40	46	47	47	42	42	54	61	43	47	49	57	56	50	43	48	53	41	53	61	51	51	55	57	66	56	44	48	51	55	38	42	46	41	38	51	54	42	38	26	49	34	46	49	48	55	49	51	30	51	39	38	48	42	35	49	43
45	49	45	44	33	57	46	45	46	53	52	49	41	38	48	54	44	32	32	41	36	44	51	38	38	53	46	32	40	42	54	59	49	43	52	36	30	52	45	53	40	42	36	48	33	43	46	37	39	44	39	53	49	54	43	38	48	46	42	39	47	39	49	46	52	51	48	43	46	45	35	36	46	45	54	53	62	60	55	60	74	67	71	54	54	67	49	49	55	60	70	39	53	50	53	44	55	45	56	46	38	54	41	47	44	46	40	40	35	41	53	50	41	50	43	52	37	37	41	37	40	50	44	28	39
37	52	54	48	39	40	49	49	38	48	51	40	52	60	43	39	43	53	33	30	53	35	49	49	46	49	46	56	45	53	48	37	54	48	46	47	49	59	54	43	54	41	42	42	44	46	37	36	36	52	60	48	40	50	45	43	42	57	50	44	43	41	42	49	49	43	49	50	44	45	44	44	56	38	40	49	50	68	74	67	69	79	60	77	57	60	59	62	55	67	59	47	51	45	39	39	51	35	49	53	50	46	44	45	40	43	40	28	62	45	37	44	37	48	43	51	42	46	54	48	37	34	53	49	33
51	40	42	49	46	51	42	46	50	40	36	45	54	50	39	48	37	52	54	39	48	42	42	45	40	41	42	50	38	44	42	47	64	49	52	43	51	63	46	45	54	35	50	32	58	57	35	47	39	43	63	39	54	46	49	41	56	48	42	56	53	44	43	46	43	61	58	48	50	44	42	47	39	51	50	47	54	71	74	84	78	75	68	66	60	76	49	78	58	62	48	53	52	45	51	47	61	34	57	43	52	44	54	64	42	60	51	54	50	47	57	41	43	51	61	45	31	59	53	41	39	43	44	50	50
46	49	32	52	44	49	65	45	51	40	50	46	44	50	39	53	44	51	51	47	51	51	52	45	46	55	45	37	51	54	53	46	45	48	39	42	35	47	41	38	41	54	38	44	53	43	50	41	40	44	43	53	49	43	46	49	49	53	51	51	46	48	43	41	51	47	50	44	40	51	43	41	58	41	56	59	76	69	100	93	91	80	78	80	71	74	71	64	60	47	60	65	53	47	57	58	49	62	56	37	40	44	42	47	45	61	36	51	51	51	42	39	49	46	45	49	48	53	55	41	38	44	44	56	32
47	53	61	52	47	46	52	46	56	56	39	46	49	57	36	39	56	56	46	55	32	56	42	41	40	57	45	47	47	43	56	49	51	65	40	57	53	53	38	51	41	56	45	47	41	46	54	46	38	46	46	49	47	38	31	52	55	52	59	58	53	47	44	44	57	50	46	56	57	50	57	58	55	52	49	45	54	79	83	95	95	100	96	78	81	72	66	73	78	47	60	48	53	54	45	72	45	49	55	59	48	54	42	51	55	46	48	47	54	45	45	38	44	46	51	47	47	51	60	45	65	54	69	50	48
41	54	49	59	44	59	49	49	45	37	44	57	38	55	64	62	38	56	60	49	47	60	61	46	51	40	53	50	44	47	55	38	56	60	50	54	49	49	69	44	54	51	44	38	48	58	43	47	47	45	47	48	51	56	43	64	50	44	51	50	53	46	50	48	49	57	47	46	49	53	41	50	46	58	40	59	49	53	76	114	104	91	105	82	79	79	71	68	66	66	62	52	64	55	49	61	58	58	53	45	54	55	35	50	43	55	67	53	44	51	58	54	41	48	60	50	61	50	63	58	63	53	54	50	44
55	49	56	52	43	53	49	57	50	57	45	60	62	42	48	40	51	53	45	40	55	53	45	44	44	47	58	54	59	41	50	47	56	45	50	52	47	44	61	48	58	54	50	61	42	52	60	45	53	56	59	44	49	42	51	52	56	35	44	56	57	60	65	57	55	51	46	50	58	54	67	70	45	53	62	70	62	74	65	90	100	105	115	87	111	81	70	63	50	58	50	61	69	60	55	71	48	54	54	74	56	56	59	54	57	48	50	47	52	43	56	44	54	47	53	50	48	39	51	47	50	41	42	61	47
37	49	55	54	40	50	53	66	53	53	42	51	57	58	57	49	54	47	56	50	54	45	53	54	50	47	54	63	65	50	52	55	58	55	56	53	68	58	50	61	63	46	53	60	40	52	48	54	53	53	61	55	59	68	44	46	67	42	52	51	47	36	41	61	51	63	56	52	54	34	62	43	40	57	49	52	59	77	78	89	118	97	118	98	96	78	80	77	47	45	65	64	60	63	65	44	47	52	44	53	49	54	50	50	62	47	48	56	42	49	43	61	59	63	54	35	68	63	68	50	58	47	47	56	39
49	43	64	63	53	66	68	36	50	52	57	53	47	51	44	47	64	52	48	51	53	50	47	69	56	56	49	53	60	38	58	48	67	51	58	59	44	64	52	56	60	46	52	43	46	47	47	53	49	52	58	52	42	62	59	63	55	54	52	57	55	76	47	48	48	57	34	55	54	45	61	64	54	63	55	67	66	59	73	84	109	102	117	98	67	98	56	60	67	77	58	58	59	66	59	78	55	57	50	53	53	53	47	56	56	60	52	46	47	55	58	48	53	67	65	62	48	52	55	40	51	51	57	45	50
61	64	55	46	74	77	51	56	55	54	68	53	62	73	57	47	54	47	52	54	55	57	47	59	47	46	51	65	55	48	56	63	56	49	61	63	55	57	44	49	65	54	64	61	61	66	44	59	54	63	37	45	49	64	52	51	61	54	61	56	53	68	58	44	59	60	44	56	59	63	51	58	61	54	65	61	65	69	72	98	92	119	118	91	102	70	79	49	70	55	51	64	64	48	54	62	42	51	58	58	59	62	57	60	64	53	58	49	59	61	62	59	60	51	56	46	61	52	60	50	58	51	54	48	65
56	47	52	48	48	66	56	56	47	76	61	59	57	50	51	54	56	50	64	50	59	58	59	75	58	51	51	45	60	51	45	52	57	49	44	45	51	62	46	48	52	60	62	54	58	58	53	56	60	55	65	59	63	54	60	57	50	54	50	55	56	51	52	55	53	55	55	58	37	59	44	71	49	70	59	66	57	70	72	80	91	97	98	106	97	84	73	81	48	49	59	59	72	56	46	57	50	56	64	51	48	59	57	51	66	56	57	52	56	59	58	55	48	45	63	58	70	57	34	49	60	59	63	70	52
40	57	52	50	60	56	67	66	63	35	59	46	66	54	65	53	50	62	50	58	55	55	66	55	54	67	49	50	60	70	62	58	57	57	58	62	53	46	70	57	49	67	62	55	56	48	64	55	54	60	60	68	52	57	57	62	57	55	51	52	49	49	54	67	54	60	54	67	57	59	56	65	56	71	58	67	92	73	74	89	77	90	82	91	77	87	60	43	61	75	54	56	57	54	63	60	58	47	57	55	47	51	52	75	62	67	50	61	68	66	63	45	56	52	45	58	55	60	47	59	68	69	50	62	53
68	46	66	46	64	63	59	66	53	62	54	59	66	74	66	58	44	62	67	58	52	54	63	62	62	58	65	58	70	66	45	57	44	61	75	48	65	55	64	52	57	55	60	73	48	59	64	59	72	45	59	56	58	57	55	71	40	58	55	72	50	51	60	56	61	56	55	45	59	56	53	72	75	82	78	98	82	76	77	93	84	100	91	95	94	75	73	61	63	63	64	54	51	56	61	47	55	62	53	55	64	57	59	68	62	51	64	47	62	70	75	38	59	48	52	53	68	58	44	65	57	61	70	64	75
72	56	62	66	58	57	61	61	55	61	64	56	72	60	76	56	68	65	55	66	49	66	52	55	56	74	52	60	67	49	69	63	64	65	54	57	55	65	70	68	63	56	53	56	68	71	71	58	49	58	64	61	55	54	58	65	75	67	56	64	76	61	57	64	56	60	73	64	57	54	76	58	59	78	89	99	106	98	110	107	102	87	107	80	82	74	82	63	70	65	55	56	67	61	47	71	65	67	67	55	61	58	48	61	58	46	48	57	56	56	48	54	52	59	55	60	71	60	68	69	71	65	49	56	53
57	71	80	72	64	48	70	63	63	76	60	68	59	70	57	52	58	51	62	69	66	57	55	58	64	60	70	80	52	59	84	72	58	65	57	66	77	68	61	76	70	73	67	54	63	72	57	57	69	60	76	70	67	51	57	63	65	71	63	49	68	66	50	67	70	73	66	64	58	47	65	72	64	88	118	122	128	130	121	110	103	109	92	92	90	73	67	66	68	73	65	66	63	68	65	60	61	64	62	66	65	66	59	67	48	59	72	69	63	67	64	61	66	64	47	54	61	82	60	67	65	56	58	46	48
60	63	69	61	59	57	72	68	74	66	68	85	63	56	70	73	63	54	59	67	60	74	72	74	66	75	46	61	52	75	56	60	63	57	61	63	57	68	71	57	69	68	52	67	72	54	66	81	54	72	62	60	72	46	61	63	57	59	62	85	56	60	57	41	68	49	60	51	68	69	57	81	81	79	95	144	130	143	134	131	111	83	87	96	79	66	78	75	64	67	69	61	74	64	68	52	63	50	59	78	78	68	62	67	67	59	70	77	62	67	74	68	61	59	64	53	60	54	69	60	52	67	71	65	61
55	59	82	73	65	77	63	70	64	58	77	57	66	61	73	56	72	61	69	64	61	71	88	54	57	65	66	77	64	68	64	60	70	70	58	65	63	61	70	70	67	61	67	68	65	66	72	71	60	69	66	72	88	58	64	56	66	64	69	74	59	64	65	72	61	68	73	72	68	61	66	58	78	84	104	129	157	164	151	116	108	98	97	93	92	87	66	73	62	74	71	68	74	66	64	76	68	70	66	58	63	65	71	82	89	74	69	75	72	67	71	66	67	78	66	88	66	60	68	70	64	82	68	61	59
58	60	57	73	58	66	69	78	70	69	70	73	78	78	76	65	76	75	78	86	76	74	81	60	67	78	64	82	72	69	65	60	70	68	63	45	62	67	72	65	72	64	66	70	77	65	70	63	93	63	81	76	52	58	61	64	62	65	70	65	75	73	65	63	62	71	71	49	72	62	72	65	86	81	107	128	153	183	160	149	126	119	100	100	89	72	74	72	70	80	66	75	58	74	63	74	66	72	69	68	86	60	81	77	62	79	64	81	54	70	70	70	70	63	72	66	67	55	86	71	67	77	73	58	71
74	75	72	68	79	53	70	66	53	75	79	75	76	74	60	61	69	55	63	67	83	72	75	72	83	75	77	68	65	58	68	73	71	75	73	73	85	68	71	78	88	76	80	84	73	72	68	78	58	71	60	65	95	55	69	48	63	74	75	63	75	72	86	74	61	78	68	61	68	69	82	58	61	98	97	128	140	162	165	164	120	115	115	81	78	81	88	81	83	72	81	66	83	58	68	62	55	69	85	78	66	61	72	72	76	76	70	60	57	88	72	58	61	71	74	84	75	83	63	55	62	81	69	71	56
68	61	68	80	80	72	73	91	75	78	71	88	63	63	66	64	63	77	63	88	76	65	66	86	67	87	79	78	75	71	69	76	65	72	66	84	87	80	62	79	72	90	78	78	70	75	61	97	65	85	62	79	68	62	71	67	61	78	82	91	82	85	77	77	57	76	62	68	64	95	81	68	71	74	89	128	147	136	149	162	144	116	108	87	84	81	84	87	75	78	74	72	96	82	80	78	66	88	84	73	65	86	76	65	73	74	55	68	71	70	75	72	76	82	70	67	75	63	84	64	60	87	53	73	73
78	84	82	85	88	69	85	74	96	62	77	81	84	67	77	70	64	59	81	73	72	76	60	62	69	56	79	67	67	80	66	73	83	76	85	79	73	69	79	74	81	86	80	90	71	88	78	78	73	75	87	83	83	75	68	92	99	63	80	88	79	71	74	75	63	73	75	81	78	62	79	102	88	82	97	95	128	141	155	152	146	131	86	89	95	86	81	77	82	78	58	83	78	67	83	68	74	68	79	88	75	68	72	59	75	66	78	71	77	64	63	79	83	79	61	54	78	85	85	52	79	76	75	61	68
76	67	76	86	86	71	66	79	63	76	76	60	71	81	84	80	71	78	62	89	76	71	81	76	71	96	81	85	72	76	76	77	72	76	77	76	85	67	88	57	78	91	63	81	69	69	94	83	78	92	78	84	83	87	67	89	83	87	83	84	84	68	86	80	77	85	82	87	77	70	60	85	86	69	90	76	118	129	127	131	143	137	97	90	85	97	86	79	63	71	72	54	81	71	88	78	89	67	82	83	67	91	73	77	81	90	93	85	80	80	77	84	77	69	80	72	72	79	83	71	75	94	83	85	75
91	77	87	78	83	80	67	84	63	84	88	89	86	70	73	82	76	78	80	78	67	90	88	81	80	77	77	88	83	77	84	86	79	86	70	72	84	78	80	85	82	86	78	88	64	91	73	90	80	75	91	79	83	94	70	86	70	79	73	91	104	72	94	82	58	76	86	63	90	88	79	86	86	87	83	79	99	112	124	110	111	120	108	80	100	111	86	82	81	78	98	68	81	87	80	79	58	89	77	92	71	78	86	80	86	83	71	78	84	85	80	77	98	72	81	87	89	79	78	90	76	72	92	78	86
96	69	80	95	80	80	77	90	72	81	71	85	84	94	65	101	73	64	77	73	82	89	106	90	73	73	82	96	86	75	94	77	77	77	81	68	93	75	75	85	85	80	76	85	81	89	69	71	88	81	86	70	90	86	77	85	91	77	98	87	72	64	66	100	72	90	95	86	75	82	90	80	82	84	88	84	112	94	116	119	130	109	78	101	88	95	69	77	84	83	83	82	79	88	97	80	78	84	74	73	83	75	90	83	83	62	78	74	78	60	73	74	76	87	84	75	85	68	87	95	80	90	64	80	83
67	89	87	75	80	75	99	88	96	69	93	78	99	91	87	79	71	97	87	81	82	86	87	86	98	82	93	90	86	104	93	81	93	76	90	93	86	79	74	86	82	105	80	84	103	83	80	84	91	104	80	71	83	93	83	80	90	84	86	88	69	71	86	83	116	83	94	88	84	89	77	77	95	93	90	86	90	112	100	96	101	106	83	95	88	92	89	88	97	82	76	75	83	88	96	80	102	92	80	76	84	83	96	83	87	111	94	87	90	86	96	105	79	74	95	77	79	88	87	90	84	72	79	97	78
83	104	89	94	83	85	84	84	88	89	80	90	78	69	78	91	100	92	77	78	78	87	74	95	74	82	93	79	112	96	91	70	91	86	73	99	107	96	72	79	99	90	89	85	87	96	94	92	78	77	75	111	92	90	79	77	86	90	87	96	80	74	93	90	99	74	77	84	92	94	102	97	80	82	85	86	89	117	95	88	105	113	85	93	93	90	95	97	87	82	92	83	91	92	86	90	89	101	66	87	88	82	95	98	79	100	91	78	78	96	83	88	94	95	94	86	94	75	90	96	90	86	101	93	92
83	95	90	85	82	89	82	91	96	99	105	92	91	107	83	83	91	105	97	81	77	96	107	111	84	97	110	82	91	91	84	92	105	93	98	109	90	102	84	85	89	100	81	93	90	91	98	91	80	106	92	92	85	96	94	91	94	90	84	86	101	76	86	106	82	94	89	103	92	101	78	90	97	117	102	100	97	97	101	114	104	107	108	97	98	92	77	97	82	96	96	105	88	98	90	83	97	95	92	89	76	102	98	103	98	88	89	89	105	91	110	100	87	96	82	84	87	94	95	99	97	90	83	83	89
90	83	84	78	85	113	107	97	108	76	96	104	73	77	88	96	101	83	87	107	110	108	100	110	106	84	88	89	85	108	96	90	106	93	88	96	102	93	91	84	94	108	95	113	101	92	90	92	66	76	95	81	101	74	105	109	89	91	102	88	93	89	83	107	88	86	90	87	83	89	97	108	113	78	88	87	102	89	92	117	98	96	104	106	98	100	103	105	85	86	103	97	83	91	95	93	109	100	80	89	88	89	86	93	85	83	99	80	105	103	97	102	110	97	85	80	93	91	82	91	99	90	71	105	73
86	92	93	115	102	108	91	109	90	101	86	105	101	110	83	96	86	99	87	95	74	108	83	86	77	107	90	92	86	99	80	87	119	94	100	112	100	91	106	84	110	103	83	76	89	75	99	83	104	111	91	87	87	104	107	104	107	94	95	107	85	100	81	100	109	98	107	90	86	90	99	95	94	96	97	94	104	99	96	97	101	92	100	97	82	96	95	88	102	106	86	83	88	83	93	75	93	63	88	95	97	82	103	102	90	107	92	105	84	83	82	93	85	91	95	105	99	76	94	102	91	99	104	99	92
84	114	96	109	81	108	105	84	110	108	100	93	99	92	106	96	89	103	92	94	105	74	108	102	83	102	99	107	93	101	93	100	122	82	99	92	107	86	101	86	103	81	98	94	87	86	82	99	85	93	90	97	87	99	99	100	90	93	95	93	116	115	97	85	89	99	107	87	94	94	88	99	107	100	92	108	99	102	102	101	96	97	102	110	100	108	91	80	95	101	102	80	89	101	90	88	103	93	89	98	76	115	100	105	81	86	87	67	100	99	94	100	116	97	94	91	105	97	95	88	96	92	104	91	101
92	100	103	103	111	102	84	120	91	94	101	93	124	103	97	95	99	97	102	81	93	106	101	87	97	91	92	97	99	107	79	117	117	94	79	116	90	91	106	115	104	104	96	93	102	109	94	96	85	101	95	102	100	91	93	94	101	91	88	94	85	108	102	124	104	87	99	84	100	94	87	91	97	94	87	107	98	104	92	83	102	91	108	108	112	107	110	99	92	86	112	97	104	93	103	102	107	96	91	93	95	93	109	102	77	107	94	94	94	74	90	104	105	87	102	97	90	88	108	82	114	105	118	97	87
111	110	93	84	90	86	90	101	94	109	104	103	86	107	109	106	113	79	97	96	95	97	97	83	95	106	87	101	89	83	113	100	101	89	99	101	85	112	109	91	99	104	105	93	97	111	93	109	97	92	101	85	96	95	103	106	86	83	109	122	105	101	88	87	97	92	93	99	92	102	91	112	95	97	102	102	99	95	100	95	75	97	102	92	107	101	84	96	102	94	100	78	92	95	98	100	119	117	84	103	105	97	106	101	108	116	114	81	97	80	101	106	98	90	90	75	112	94	119	89	98	104	86	98	92
103	110	91	101	85	118	88	106	107	98	94	100	101	96	117	105	97	89	99	98	83	100	99	108	119	76	123	91	100	110	82	98	98	98	93	89	102	93	91	100	105	98	110	91	97	94	101	111	87	81	100	90	100	109	104	99	102	82	100	96	97	93	99	102	105	98	82	102	108	115	83	99	115	104	92	77	104	100	106	93	122	98	115	85	103	91	96	105	97	97	120	105	120	95	93	100	80	92	84	91	105	107	99	104	123	91	107	89	97	103	94	86	95	89	106	88	78	108	101	106	96	97	119	83	81
81	98	101	86	124	95	101	87	94	121	99	88	91	116	110	109	111	92	104	88	106	94	92	97	100	97	84	104	100	92	102	121	112	107	109	84	118	83	91	86	100	86	79	88	104	99	107	95	106	129	104	97	103	95	94	93	81	97	105	75	90	95	85	99	99	84	91	114	103	81	102	110	98	83	89	84	106	110	92	112	112	93	83	115	96	102	97	90	80	97	100	94	101	97	106	113	113	95	82	93	94	110	94	93	106	79	100	104	94	92	99	89	109	102	88	105	95	100	90	115	103	96	92	91	91
110	93	101	104	95	76	100	111	95	101	97	100	93	79	107	101	98	102	124	110	105	99	91	104	108	84	109	85	104	106	105	85	93	101	100	86	91	106	99	83	87	99	82	100	97	97	94	98	102	96	102	109	79	74	93	63	99	84	96	103	91	98	89	92	83	97	92	88	106	97	97	80	98	93	119	94	97	84	91	91	92	92	92	89	95	97	111	92	110	98	91	95	83	93	92	94	98	93	93	85	118	101	96	85	104	89	93	95	69	94	88	93	79	82	86	93	90	91	87	80	91	92	84	96	77
