44	60	46	63	55	59	58	56	51	57	50	64	55	60	69	78	63	63	57	59	55	67	66	55	67	79	78	70	83	70	63	84	69	60	58	65	58	65	53	53	46	76	60	52	40	62	58	53	42	64	47	58	52	41	55	56	52	74	40	52	68	51	59	47	63	59	55	53	58	59	49	51	66	53	47	45	63	41	55	64	57	47	56	46	59	51	48	54	66	61	49	70	56	50	60	51	43	41	52	54	54	65	34	48	64	38	57	45	54	54	49	52	48	58	62	59	59	64	51	60	55	62	62	57	53
56	59	64	63	55	57	65	52	60	56	51	64	56	62	41	72	70	58	81	72	61	72	62	55	77	77	73	74	83	82	72	69	78	76	65	58	76	73	77	60	54	51	58	59	63	62	60	59	56	50	46	45	45	55	49	60	43	54	49	64	55	48	72	53	61	53	53	49	57	66	57	58	58	50	59	60	45	59	47	48	40	59	51	53	59	71	46	57	44	49	65	55	50	48	66	57	56	61	66	41	65	46	57	52	53	46	51	43	60	55	37	58	65	69	53	64	53	50	58	46	56	49	61	54	54
42	72	51	58	35	64	50	66	59	67	65	62	46	69	63	65	62	70	63	64	69	73	66	59	64	70	79	75	81	72	70	63	54	61	72	64	78	60	58	61	51	68	60	57	49	54	56	47	46	57	60	51	56	60	59	65	47	59	44	61	63	43	50	58	70	50	64	58	57	49	58	42	50	38	52	51	52	53	57	54	64	52	45	64	56	59	37	59	56	58	53	55	64	56	59	59	59	55	51	62	62	60	52	42	47	49	65	54	47	67	54	50	66	56	46	37	45	61	43	55	40	54	51	44	71
66	53	59	52	58	63	62	46	53	57	68	60	54	75	75	67	61	66	73	58	62	85	66	69	73	84	77	67	73	75	64	71	76	61	68	53	63	53	77	56	63	72	64	63	53	53	63	56	76	49	46	53	54	49	62	54	57	48	66	63	75	63	55	59	56	69	62	50	63	58	58	47	63	49	43	53	54	49	58	58	70	57	55	40	62	50	44	65	57	50	56	59	46	47	70	54	51	56	55	47	42	62	64	53	59	52	53	66	56	65	55	59	51	47	57	48	42	51	67	50	55	45	62	54	59
61	59	53	70	56	49	57	64	61	75	56	64	72	64	64	64	63	72	72	68	75	74	61	72	87	71	73	62	83	84	56	63	68	63	54	69	63	58	61	64	75	57	54	59	54	48	74	68	48	63	45	70	58	54	48	52	62	57	63	61	60	59	66	41	70	66	54	55	51	49	56	54	63	45	57	53	69	69	58	45	66	65	51	64	51	53	67	70	51	46	56	63	43	55	62	65	48	50	47	46	47	49	45	55	65	52	48	64	46	49	59	47	56	51	51	50	52	60	61	54	66	53	50	62	51
66	56	52	56	68	69	72	66	65	72	62	80	64	74	72	76	76	79	69	75	51	81	68	71	76	70	74	62	90	72	78	61	77	71	67	78	67	62	82	71	66	64	61	63	70	69	61	68	50	61	62	61	66	64	46	61	52	65	58	55	54	62	59	60	54	80	64	43	59	62	59	65	58	59	54	64	54	62	50	54	62	72	54	67	53	55	60	61	55	58	53	48	62	63	63	54	61	55	56	59	49	57	44	53	48	59	58	49	59	58	59	54	61	62	53	48	60	58	51	63	58	66	64	53	55
49	55	69	53	65	67	76	55	53	66	69	78	72	70	83	86	68	67	79	72	89	85	67	66	72	75	78	91	71	93	77	74	72	69	54	50	67	73	63	63	48	64	58	55	66	56	69	64	70	61	72	51	64	50	49	52	62	56	62	70	66	57	62	49	53	58	49	52	58	69	67	52	54	56	48	53	47	51	52	52	60	59	59	63	41	65	65	57	56	49	59	46	70	65	47	55	45	46	61	64	59	56	61	57	49	68	52	59	55	52	59	64	52	62	41	46	67	59	54	48	38	54	42	55	47
52	78	65	59	47	60	79	69	85	69	58	82	50	86	84	93	72	81	94	76	77	103	82	87	82	69	76	60	90	86	71	53	80	67	56	61	59	67	70	61	47	69	55	75	52	54	50	67	53	67	60	48	62	51	51	54	62	71	65	61	67	64	56	65	52	54	59	51	52	56	47	60	69	55	57	59	53	47	61	66	56	56	70	61	66	61	68	48	50	54	49	75	56	57	59	62	54	69	57	49	59	52	58	72	65	56	57	52	57	58	58	62	53	57	55	65	59	65	55	61	54	57	50	52	37
59	65	49	77	66	61	72	77	69	67	64	76	70	62	77	76	98	72	81	85	75	90	115	78	87	82	76	84	69	88	80	68	64	64	60	62	71	93	70	62	69	64	71	78	64	66	56	50	39	68	59	65	67	66	60	52	47	64	61	53	43	60	76	53	58	68	67	56	54	69	65	57	49	67	53	65	62	55	48	56	64	49	46	60	63	56	73	68	58	62	69	47	65	66	63	43	69	65	73	54	61	64	64	58	61	61	47	62	52	49	55	58	52	61	64	40	66	50	66	50	79	66	73	41	50
85	80	69	70	60	70	55	73	70	78	75	73	69	74	71	76	72	74	78	85	73	99	61	96	76	76	76	61	75	87	75	79	62	63	68	71	56	60	68	65	67	46	72	55	58	62	71	55	53	64	66	60	54	68	64	56	57	68	72	74	59	60	64	53	65	60	62	61	66	71	58	76	57	65	54	59	52	62	56	69	61	62	42	53	61	48	45	65	55	55	55	59	53	61	58	58	64	54	58	42	51	57	64	61	62	69	48	54	65	53	62	57	71	55	59	54	57	65	58	74	69	67	52	57	59
69	58	78	67	61	60	82	67	71	77	72	66	82	77	73	79	105	92	65	85	92	83	91	70	81	76	86	74	74	81	67	74	81	72	55	75	61	75	63	65	82	63	61	69	57	77	77	60	68	55	63	62	54	75	71	70	61	61	64	60	66	62	64	55	51	72	55	52	54	39	61	69	72	67	54	71	55	47	68	60	72	59	66	77	58	65	54	59	57	61	50	52	62	72	61	62	58	71	73	56	71	72	50	51	67	81	54	72	56	60	72	62	60	49	66	69	62	58	56	74	49	73	60	55	50
69	76	72	84	61	58	71	77	60	83	84	83	76	78	87	76	88	76	83	94	95	105	106	87	82	73	94	89	74	76	75	60	67	60	54	90	72	73	72	69	51	64	65	63	71	61	68	72	81	46	78	72	76	65	87	69	69	71	67	63	58	53	55	58	64	60	57	66	59	51	59	59	62	55	66	59	60	51	77	56	75	73	63	57	77	54	66	57	53	72	57	73	74	62	57	55	60	67	65	75	67	66	64	84	74	68	60	50	49	64	61	55	75	58	74	56	61	59	61	44	69	60	59	57	61
63	82	95	69	67	72	72	80	68	68	63	83	88	81	91	89	96	92	107	96	86	98	109	93	105	90	94	67	80	74	80	52	72	71	72	64	54	76	64	91	69	82	83	74	66	50	91	69	56	67	73	78	60	54	72	82	62	70	70	63	64	56	61	51	76	62	77	60	64	62	61	63	82	58	60	73	61	54	75	57	61	71	65	66	49	66	68	53	57	67	54	56	63	47	56	82	58	44	64	71	59	63	77	56	42	48	55	78	51	57	54	71	70	66	59	66	68	59	77	57	58	67	67	64	67
77	98	84	88	80	79	92	81	79	60	75	82	93	91	81	78	106	92	86	95	97	86	101	92	87	76	97	73	67	77	65	60	68	71	64	74	76	67	54	72	81	74	75	66	78	85	74	49	69	67	75	51	66	75	67	61	67	74	68	88	80	75	70	57	50	44	63	74	55	62	73	62	49	52	52	57	69	63	66	73	63	69	59	62	59	57	63	55	58	62	69	68	58	75	52	59	69	67	67	60	67	63	70	68	56	63	61	62	51	69	57	67	72	64	74	63	57	57	69	70	73	70	60	61	74
82	72	89	83	78	94	97	97	92	87	91	107	93	77	110	103	110	99	102	119	96	109	87	77	112	101	88	92	74	91	76	78	69	61	91	59	82	72	64	64	65	64	65	66	65	59	49	61	59	74	69	69	71	66	72	70	66	54	79	69	61	69	69	62	76	81	73	60	66	74	75	57	62	52	60	68	58	65	75	59	67	63	47	81	65	58	59	62	70	69	59	78	74	71	48	67	59	60	62	69	70	60	63	64	68	62	55	69	44	69	70	61	65	86	71	64	78	74	66	62	67	69	50	62	63
80	98	87	85	96	96	93	98	88	103	100	101	99	104	100	86	87	106	99	98	100	107	113	100	93	93	77	79	70	87	74	82	75	77	68	79	71	65	63	80	64	88	67	67	72	63	62	76	65	75	58	62	66	73	96	53	70	75	67	62	65	67	61	78	57	67	65	61	68	62	92	69	66	74	53	65	77	60	50	84	55	75	50	73	71	64	67	69	61	57	77	53	57	57	60	65	64	85	53	76	68	77	68	78	68	67	77	75	61	62	57	57	60	77	66	65	72	66	58	70	63	59	73	67	64
81	95	79	93	100	103	108	101	123	108	111	104	99	103	99	110	102	113	112	88	100	100	84	89	82	86	65	74	95	80	87	71	76	61	77	72	77	69	75	77	71	57	73	69	73	78	70	59	74	81	74	86	68	71	69	70	63	68	73	68	54	63	69	67	54	64	65	60	83	69	65	65	69	63	77	63	57	69	49	74	72	65	75	77	61	76	75	58	69	91	77	66	71	57	67	75	66	64	65	62	67	58	70	64	82	56	63	77	77	76	59	70	70	56	75	61	49	69	62	71	64	74	47	67	56
83	71	83	90	124	125	139	130	140	118	129	108	111	111	105	105	110	124	135	111	89	80	84	99	87	80	85	86	84	79	95	64	66	79	66	92	67	65	72	62	82	82	84	87	75	96	77	64	70	76	77	63	71	83	79	66	57	60	59	70	74	69	60	62	69	73	65	53	86	72	82	54	75	73	70	76	64	72	76	86	74	80	76	88	64	69	66	68	71	63	71	74	85	78	71	70	67	69	67	64	79	63	68	69	67	70	73	68	68	74	62	61	96	65	67	77	66	65	70	81	73	61	74	65	85
80	84	86	105	97	116	135	174	142	151	133	151	117	127	110	112	115	115	112	103	129	102	96	85	88	91	96	82	82	87	77	91	70	72	77	80	88	78	74	75	74	79	79	70	80	76	72	78	69	75	61	76	75	68	73	57	102	72	83	83	79	85	72	66	71	88	71	75	88	61	64	68	68	67	63	70	67	72	71	80	70	55	59	71	65	58	81	86	62	77	73	59	63	78	80	88	73	63	64	78	64	66	69	72	75	65	64	75	73	75	74	69	68	68	69	70	50	71	70	80	63	71	76	66	78
85	91	94	93	127	124	161	161	170	169	144	145	131	135	118	112	128	117	102	110	101	110	93	104	88	86	87	97	78	86	87	75	64	81	72	65	73	72	93	84	83	76	64	74	96	90	73	77	66	73	66	70	59	86	66	72	71	66	86	70	83	68	73	60	64	83	76	85	66	66	83	70	87	75	63	78	83	75	65	88	68	83	62	74	77	66	54	71	69	72	65	73	64	63	74	80	77	65	82	77	76	65	70	65	69	76	83	76	77	84	67	80	64	56	72	66	81	71	83	84	66	84	70	83	77
99	96	86	93	110	144	183	174	206	196	190	170	150	138	123	106	126	108	113	115	117	104	93	100	89	99	95	81	67	87	86	69	78	96	82	83	97	94	68	74	76	93	69	87	88	71	81	68	61	85	78	71	82	69	70	70	86	88	95	76	93	77	92	67	70	72	73	80	65	78	63	74	79	66	63	87	77	78	67	76	82	70	57	63	71	58	75	86	70	67	79	69	69	68	68	67	78	62	73	92	73	82	71	80	68	80	82	68	69	86	79	67	87	77	65	77	70	82	87	86	86	72	84	80	57
94	85	118	94	111	164	170	193	215	229	234	200	184	160	150	139	113	111	110	145	115	111	87	93	84	69	87	94	72	83	77	70	78	80	85	79	76	83	92	65	81	85	77	75	90	89	64	96	67	79	76	78	82	94	86	70	80	87	69	69	99	73	70	88	75	83	76	86	79	68	100	61	70	82	92	69	88	67	95	90	79	72	59	76	81	79	79	76	61	63	91	82	78	72	71	69	64	76	66	90	71	72	65	80	71	85	98	86	78	72	90	76	81	76	100	80	88	67	85	73	91	60	76	72	73
76	72	104	91	121	135	169	201	239	238	234	214	191	172	173	148	134	120	118	118	113	99	102	90	89	91	84	67	103	79	79	87	85	91	82	80	91	84	64	87	80	88	87	89	80	68	76	88	72	87	78	72	66	65	76	79	79	82	77	74	77	92	81	81	69	76	83	75	79	82	84	67	77	84	81	80	87	73	91	62	62	74	73	81	98	68	61	67	62	78	73	91	84	78	79	60	71	88	76	80	91	67	84	90	70	72	99	82	84	81	65	86	76	81	80	67	71	89	91	79	69	69	79	100	69
90	99	100	104	116	124	154	201	225	257	267	247	219	194	187	143	145	129	127	121	110	103	108	89	94	98	91	106	90	96	76	90	79	81	86	84	74	80	77	84	80	75	58	67	79	76	84	101	72	83	90	80	77	77	78	72	78	62	68	95	82	71	81	81	87	83	76	77	81	68	84	70	100	81	67	77	69	77	85	75	77	92	82	96	59	80	81	71	87	83	68	92	78	69	76	75	83	76	91	97	98	91	83	82	85	82	70	76	76	87	74	82	80	83	67	69	77	65	80	75	76	79	77	80	69
102	107	109	107	109	129	156	180	228	236	278	262	225	207	190	147	158	150	114	105	100	98	91	102	79	83	71	90	75	87	98	89	79	86	86	79	65	86	102	98	92	85	66	86	70	84	78	82	92	84	85	96	69	87	83	99	95	72	77	87	95	79	74	84	100	74	80	77	78	81	59	96	86	83	72	72	70	78	84	60	81	72	68	78	75	58	82	85	84	80	77	91	72	70	84	85	85	72	95	85	70	85	91	67	84	74	71	101	84	70	60	76	72	84	83	86	68	76	77	74	73	72	73	84	82
90	91	108	99	97	114	137	145	203	203	266	269	236	201	176	174	145	123	133	117	108	102	92	78	94	82	84	82	83	103	92	85	84	82	95	89	85	92	94	85	95	89	91	94	73	84	74	84	81	76	71	90	82	75	85	89	71	90	86	68	69	89	81	74	91	69	87	76	100	80	86	78	83	75	80	74	74	89	91	71	81	74	79	77	80	84	94	66	94	78	80	70	81	92	100	83	90	80	80	71	78	95	89	85	79	77	72	81	93	86	86	82	89	82	85	65	86	91	85	76	76	85	69	81	74
115	88	96	112	116	138	123	165	190	227	247	263	273	214	207	166	143	162	110	116	119	86	109	99	102	92	92	82	71	95	76	83	79	101	89	101	84	79	78	85	86	90	83	81	72	80	88	81	89	83	69	86	74	81	76	82	81	75	93	69	85	82	96	89	83	86	75	93	99	85	75	101	77	89	90	94	75	87	98	81	85	81	73	69	74	81	74	64	76	84	118	90	89	72	85	76	92	82	79	79	69	96	68	91	98	92	79	79	78	68	99	68	76	74	94	95	63	78	81	70	73	91	81	90	72
103	99	107	108	124	122	126	144	174	205	239	243	240	234	211	189	125	137	115	116	118	94	83	94	89	86	83	82	87	74	88	77	86	87	80	88	90	75	93	86	90	77	90	80	77	95	84	82	92	74	79	90	87	87	83	86	81	90	97	87	101	89	91	84	96	99	97	78	98	80	82	72	82	87	85	84	76	79	79	78	60	80	79	66	79	75	90	62	75	81	96	81	64	81	77	88	74	86	79	76	75	93	83	77	90	86	81	81	80	84	72	86	81	61	94	107	93	83	83	85	99	88	67	88	89
112	132	106	123	138	145	124	158	175	198	219	218	238	218	213	165	144	110	97	95	97	102	90	100	88	92	91	86	100	87	73	89	90	110	85	84	105	76	74	97	64	77	88	80	85	92	84	79	87	73	76	89	101	80	93	73	81	94	62	86	90	79	101	95	82	81	90	91	69	89	87	89	77	98	78	70	72	81	80	74	78	80	89	72	79	73	80	79	83	90	83	97	99	89	100	94	93	73	87	74	78	72	67	76	85	85	97	84	80	58	89	89	94	79	82	88	87	88	76	82	80	86	80	78	67
114	123	131	142	150	133	146	127	176	179	214	230	220	196	204	177	133	97	101	133	91	100	90	91	96	79	85	74	92	82	88	82	86	87	93	71	92	74	85	100	93	100	87	83	92	80	83	83	87	86	83	73	94	66	80	94	92	87	89	101	90	80	77	103	87	77	102	71	84	79	88	70	77	97	81	92	71	83	89	78	68	79	89	68	93	92	73	78	74	87	83	86	86	87	83	93	81	88	83	83	73	87	81	78	82	74	89	87	78	76	55	68	82	88	77	70	74	78	83	88	82	80	81	70	77
126	123	133	155	167	177	207	193	171	202	202	212	205	196	180	162	130	136	106	119	115	108	111	97	97	93	83	84	89	75	91	85	96	95	103	104	89	92	78	86	81	91	75	88	85	96	90	74	77	91	90	89	91	80	89	94	72	96	73	87	92	78	79	93	90	88	94	108	77	86	90	78	79	74	78	67	82	79	74	90	85	79	69	89	105	72	82	80	91	84	102	99	77	103	80	86	89	80	66	85	90	73	79	90	71	85	88	83	89	78	82	88	65	75	75	79	86	85	77	73	76	74	82	92	82
112	127	148	156	167	229	252	235	207	198	171	209	197	192	171	126	123	116	114	114	94	94	108	92	99	92	94	86	83	74	76	97	79	71	71	83	103	100	87	103	105	98	96	95	92	98	71	100	70	97	75	75	94	79	101	91	83	82	88	90	80	87	95	89	68	94	79	90	77	99	83	74	80	84	83	75	78	84	93	90	89	92	92	92	68	83	92	89	85	100	103	97	77	81	86	87	99	87	71	86	97	94	100	75	69	82	78	91	84	88	90	80	83	102	74	100	85	95	97	84	78	88	90	73	84
102	143	141	171	225	238	258	284	251	199	219	214	168	160	160	124	156	112	123	100	108	90	79	83	77	81	99	96	85	93	91	84	78	87	84	84	81	88	86	89	81	84	87	79	99	73	98	102	97	84	78	83	81	86	84	98	76	72	77	88	81	94	91	84	79	89	70	78	85	99	91	75	92	84	101	67	84	87	80	58	99	72	95	80	86	99	89	83	100	84	73	82	82	79	64	74	88	91	81	94	80	86	95	94	78	77	103	74	78	86	87	84	71	85	78	97	65	77	94	93	83	82	77	88	84
99	115	124	182	235	304	337	338	294	270	241	193	181	174	164	134	145	97	103	93	104	105	89	106	96	100	73	80	98	106	102	101	82	92	81	96	89	96	94	89	83	82	112	87	98	70	89	107	102	80	89	89	90	83	103	91	84	100	110	89	92	91	101	70	78	81	93	72	95	85	94	86	91	78	70	92	82	82	81	87	62	86	83	81	76	81	83	89	72	92	82	84	81	76	92	65	80	96	98	88	81	76	94	80	97	85	97	78	81	80	71	84	87	88	73	67	99	82	96	94	93	112	88	71	75
96	121	144	168	254	315	365	389	348	330	244	219	190	162	162	121	124	118	111	109	103	97	93	82	84	86	96	98	93	110	96	111	95	99	97	87	77	89	79	87	87	106	80	88	94	91	70	101	109	93	86	71	92	84	73	81	105	96	86	84	74	82	75	94	84	100	85	97	61	85	99	93	84	85	97	86	77	98	91	85	98	85	72	79	82	76	84	89	88	88	72	91	89	87	92	86	77	70	80	97	80	95	81	75	79	99	77	67	83	75	77	85	103	90	80	80	77	65	94	103	85	76	80	77	72
106	89	128	164	242	362	376	421	374	362	255	210	188	156	154	126	103	119	129	104	102	98	94	94	104	83	63	96	96	76	84	94	77	86	71	78	70	75	85	91	85	77	76	79	94	110	106	84	92	87	87	85	82	73	78	96	100	86	90	84	96	71	82	69	82	100	75	74	77	104	99	76	79	83	94	105	79	78	78	90	79	93	73	77	84	82	82	93	76	87	71	73	94	85	102	88	92	88	63	68	75	88	82	92	85	83	85	85	94	82	87	106	86	94	71	83	74	95	75	73	88	71	74	88	86
83	110	124	159	206	281	375	398	361	336	284	212	159	179	131	141	126	133	106	105	99	104	94	96	82	97	89	98	100	89	93	99	93	97	91	60	80	77	91	92	83	85	88	87	86	89	89	82	98	77	80	77	83	82	86	87	75	81	75	77	80	98	72	92	98	78	84	73	75	83	90	81	80	93	81	70	78	88	99	77	84	80	92	80	92	80	86	74	86	83	88	79	84	80	90	83	82	93	87	64	72	91	68	79	80	84	92	79	60	79	75	80	78	96	73	87	86	87	76	55	85	80	78	72	96
84	103	88	111	160	237	325	392	378	373	267	237	176	165	147	135	113	118	90	97	85	100	84	91	89	87	82	80	75	73	89	84	80	77	73	81	88	80	86	82	89	81	74	70	76	100	86	88	96	84	79	90	88	80	87	95	68	80	79	91	70	86	96	80	83	75	74	73	72	87	93	85	75	75	80	74	78	81	92	85	80	80	63	78	79	67	80	81	74	61	63	89	92	76	78	81	73	75	81	91	77	90	67	69	89	81	70	74	75	78	79	68	104	76	87	78	82	91	68	83	73	80	93	80	81
78	87	88	123	164	200	284	328	359	308	311	215	184	156	119	129	103	111	92	97	96	75	86	86	94	78	88	70	78	83	79	76	71	87	81	80	69	73	69	75	74	93	80	93	90	78	90	80	75	82	79	80	82	68	76	69	89	89	74	89	76	89	74	82	84	76	80	83	76	69	66	71	60	95	79	65	64	73	85	83	57	83	80	69	76	66	76	88	80	66	66	65	93	82	70	77	84	73	78	82	68	71	86	68	80	85	81	76	82	68	81	71	66	76	86	69	71	77	76	71	62	71	71	91	59
72	85	87	106	115	173	229	274	289	273	237	204	153	141	117	90	98	97	83	87	74	87	68	94	85	70	92	66	79	66	88	67	62	79	74	77	65	67	71	67	74	93	72	76	87	75	76	81	74	79	75	94	100	70	77	78	66	69	76	68	80	71	71	63	80	70	82	71	68	86	65	68	75	72	63	66	95	69	70	69	69	72	70	75	75	69	69	74	64	79	65	59	60	62	68	61	73	80	60	76	68	68	70	77	67	78	64	66	70	60	63	75	74	91	75	80	71	81	62	71	64	73	67	73	51
68	81	63	83	112	150	166	226	253	257	231	181	155	128	121	117	80	87	71	82	78	70	59	76	71	47	53	67	65	67	82	69	74	51	69	81	79	81	65	72	73	71	86	82	72	81	68	69	63	66	64	72	66	63	68	54	72	64	56	57	71	76	79	63	73	61	77	77	76	66	74	62	66	59	83	59	60	62	69	69	87	64	63	74	75	67	80	67	61	65	76	62	66	69	67	85	63	65	78	51	72	75	58	61	39	70	84	66	72	79	67	69	62	62	61	64	71	65	83	76	78	82	62	65	64
56	63	81	67	88	110	135	156	241	179	180	186	141	111	106	103	88	79	75	73	73	73	61	75	59	66	57	71	56	64	69	59	76	59	59	70	63	66	80	63	69	75	71	57	81	68	68	65	59	64	72	54	57	64	69	66	68	52	61	64	70	69	42	65	71	61	61	61	56	64	51	59	56	57	56	59	62	58	66	56	71	60	51	54	56	64	63	79	81	64	67	76	67	45	63	63	67	55	52	62	64	63	62	57	72	70	86	58	73	58	67	59	54	55	63	68	80	53	70	65	60	58	57	56	54
71	71	65	74	95	99	136	149	172	187	172	149	132	86	94	79	76	76	75	67	80	74	52	71	61	70	69	77	76	77	56	69	64	53	73	73	68	67	69	63	63	74	63	56	49	64	55	61	58	64	75	70	65	49	65	68	73	68	58	66	64	68	50	73	60	57	54	49	56	56	61	48	50	56	63	57	62	51	56	61	41	62	59	67	59	65	73	62	48	61	58	72	60	52	72	55	67	78	53	58	56	65	60	55	49	72	57	60	65	53	58	51	71	73	65	67	47	74	68	59	55	79	69	59	63
56	59	72	75	76	98	110	133	151	132	148	137	104	97	71	81	62	77	76	50	56	76	64	58	57	49	69	59	54	63	70	57	51	52	60	48	66	46	64	67	51	51	63	67	60	52	59	54	63	69	63	44	64	68	59	64	58	68	57	77	52	50	63	52	60	67	57	48	59	54	59	52	52	61	43	66	55	53	63	51	62	72	54	47	63	46	56	46	56	55	60	66	67	51	70	52	50	55	57	54	57	46	58	54	67	58	62	57	50	65	65	71	50	61	54	40	68	55	58	53	70	60	60	66	50
58	57	80	74	90	69	104	104	98	115	106	95	104	90	80	70	71	68	62	70	50	45	61	50	55	59	58	50	69	63	49	72	68	59	37	56	46	63	70	61	54	57	61	43	56	60	51	56	37	72	49	43	45	61	55	62	67	64	55	63	59	60	59	52	53	61	74	46	49	65	52	56	58	60	53	50	71	46	63	49	58	59	59	57	55	57	53	67	52	53	43	53	60	48	55	46	56	47	51	45	61	44	72	50	59	53	56	54	43	47	45	50	47	45	65	63	51	56	35	62	62	54	40	40	45
53	61	66	56	75	72	100	80	97	100	95	77	89	79	62	73	68	69	46	58	52	45	54	63	57	53	49	42	57	58	34	43	55	47	49	44	55	57	56	58	43	62	67	47	50	55	53	44	56	53	44	43	58	55	53	51	55	66	46	48	62	51	46	57	47	51	50	50	37	50	56	57	49	52	65	49	39	42	54	46	50	62	56	48	60	53	46	57	56	64	57	51	51	54	55	49	67	56	45	53	52	53	45	59	50	48	58	46	51	44	54	58	45	57	53	58	47	49	49	46	61	49	57	48	41
55	58	57	55	58	94	71	75	84	85	93	77	74	62	54	60	42	59	47	56	50	48	61	51	56	47	48	43	53	49	51	43	58	62	55	47	41	40	45	52	51	48	61	53	49	55	41	49	55	46	38	56	57	54	43	49	39	46	49	56	44	63	47	51	43	49	53	43	56	54	51	53	54	43	45	42	37	60	45	52	36	30	24	46	44	43	63	41	49	50	47	45	40	50	55	53	47	44	52	39	43	40	62	55	42	47	36	42	54	39	59	36	57	51	47	50	41	44	55	43	47	56	50	53	32
40	63	45	67	66	63	63	76	78	75	88	62	71	66	62	47	70	45	51	55	52	51	49	41	50	48	53	51	50	46	47	45	41	55	52	40	45	48	41	38	47	58	47	44	51	52	45	63	54	29	48	48	49	51	49	51	45	61	50	41	40	50	47	49	55	46	45	44	42	51	43	52	43	39	40	49	44	41	57	37	55	41	40	41	45	50	52	47	39	48	41	52	51	46	40	45	28	52	47	44	47	36	57	46	43	40	48	48	52	47	61	31	39	42	41	40	35	45	54	44	46	50	37	33	48
36	40	61	64	62	75	73	66	80	80	86	65	62	62	63	46	37	38	39	52	48	40	44	41	53	49	48	35	46	55	45	40	37	50	42	55	62	42	38	50	46	39	42	46	45	54	40	58	44	41	38	44	43	43	54	46	34	47	39	37	38	43	26	44	45	30	35	33	32	43	32	45	37	48	46	40	47	41	31	43	52	39	37	31	44	37	42	44	46	44	48	51	35	39	43	44	45	57	42	46	44	48	44	43	44	39	40	50	50	40	49	32	38	33	36	42	45	42	52	45	34	51	36	33	43
40	46	35	42	51	72	62	63	64	52	57	54	48	54	60	44	51	43	40	50	31	42	47	57	41	35	32	42	36	39	41	26	39	41	45	42	36	53	49	49	34	36	28	38	40	47	45	59	49	49	50	43	39	42	44	40	44	42	39	44	46	47	36	51	56	49	40	40	24	50	38	36	34	43	42	22	27	39	38	45	40	41	36	41	40	45	43	40	37	40	45	36	45	46	46	34	38	41	46	41	48	33	38	37	29	32	43	46	29	43	30	38	38	29	31	36	40	43	41	34	53	36	43	39	29
44	40	42	48	52	40	45	65	55	45	53	39	55	40	38	48	48	41	43	40	36	33	38	30	32	37	46	38	33	43	43	30	46	34	44	40	30	44	44	39	47	41	42	41	39	35	31	38	43	37	44	42	50	42	39	37	52	34	39	55	40	38	35	41	46	55	44	40	35	26	51	33	41	35	30	48	36	34	41	47	31	31	31	35	46	33	31	34	34	36	41	29	42	37	51	38	43	40	40	35	38	30	37	42	36	32	29	40	38	39	30	33	30	43	41	39	49	29	32	30	45	32	27	32	28
28	44	38	46	50	45	50	54	68	49	49	44	37	39	30	31	37	32	45	41	34	43	30	46	41	44	42	37	46	39	42	39	51	31	36	37	41	47	32	39	36	42	47	41	44	51	40	28	34	31	54	33	36	37	33	30	39	42	37	35	37	40	34	32	38	39	34	41	40	38	37	45	37	34	39	35	38	35	32	42	33	35	41	29	37	28	43	37	30	40	35	33	36	42	21	36	35	37	34	24	32	32	36	36	44	48	38	44	28	20	41	33	28	41	32	34	42	34	39	39	31	39	40	27	42
32	33	36	44	47	60	48	56	49	36	56	39	44	49	42	44	41	25	37	36	41	28	45	38	33	45	36	36	42	41	41	26	34	38	43	33	44	29	19	35	40	44	26	38	27	35	38	30	54	31	47	37	39	39	27	39	37	34	34	35	43	28	46	36	33	40	43	38	30	25	37	29	37	37	43	36	27	32	39	36	32	42	26	31	33	37	33	31	29	27	54	33	27	31	29	34	23	34	32	35	45	31	35	38	35	45	30	36	36	28	40	45	43	34	44	27	35	30	27	25	32	46	28	28	35
45	42	36	52	56	32	45	58	42	50	38	50	34	44	37	34	42	44	35	44	44	31	43	40	33	38	37	34	43	35	38	35	37	31	42	33	32	39	44	55	48	44	40	32	30	40	45	30	40	32	33	35	51	40	34	30	30	33	40	35	23	48	42	46	36	44	36	36	32	26	35	39	33	37	32	25	40	38	24	39	32	29	31	33	27	32	29	29	30	21	42	48	19	38	24	38	51	31	23	24	28	36	40	33	28	28	35	25	31	27	37	25	27	27	26	29	28	35	33	38	26	36	34	34	30
37	41	34	35	39	34	45	45	48	42	48	34	36	41	35	39	41	43	29	34	30	31	38	37	46	38	39	41	45	38	49	36	36	40	26	40	39	31	38	32	24	40	43	46	35	47	36	40	44	29	42	29	34	40	31	32	29	27	29	36	42	39	32	40	34	36	37	34	33	45	35	43	21	42	28	41	30	38	31	37	27	23	26	41	22	18	30	16	29	24	35	30	33	29	38	28	25	42	37	31	29	30	30	26	43	27	31	28	31	30	29	27	33	28	25	32	29	34	31	30	34	37	27	29	30
31	39	27	36	38	49	39	38	45	41	51	42	45	44	26	49	30	40	32	35	28	34	39	36	36	40	30	24	24	30	38	30	40	34	36	28	45	41	32	34	31	28	31	21	33	24	37	36	25	35	37	38	26	50	40	42	27	37	42	32	35	32	40	20	31	29	37	29	45	27	22	26	24	27	41	33	31	30	36	30	27	27	35	29	29	26	41	31	25	31	25	35	37	32	37	36	29	31	34	36	36	29	39	33	35	21	31	25	34	39	27	22	35	36	28	41	38	30	40	32	36	28	38	34	30
37	32	35	37	42	28	40	40	50	33	41	35	34	30	42	39	31	39	31	36	31	30	31	49	41	38	42	32	36	36	23	40	36	39	26	38	25	37	31	38	34	46	43	37	39	31	33	35	32	35	40	40	34	36	39	39	27	38	30	40	37	24	31	26	24	31	51	43	33	25	29	35	33	29	37	47	23	31	36	35	29	40	37	35	20	26	32	32	27	27	36	29	37	34	28	24	32	29	26	31	35	27	35	24	27	42	28	36	34	37	30	34	36	35	26	32	30	38	25	42	32	24	38	31	23
30	24	35	42	33	46	45	38	37	47	28	23	36	35	34	36	37	45	28	29	33	27	44	35	42	29	48	36	34	38	27	39	33	31	34	31	37	42	33	37	25	33	34	29	30	25	35	31	32	34	39	30	37	27	28	23	31	44	37	29	30	39	25	43	36	34	42	41	34	31	22	30	34	31	41	23	43	34	26	34	30	26	33	32	27	31	22	31	41	29	37	35	27	32	26	31	39	34	19	20	30	29	27	29	32	29	36	32	22	35	26	36	28	35	38	22	23	33	33	21	30	37	32	29	15
45	35	32	33	32	35	41	29	43	35	35	34	43	40	21	36	31	39	37	35	48	40	33	36	38	27	31	31	27	41	34	33	38	36	34	29	26	36	37	42	31	39	28	33	40	32	34	34	39	32	28	31	28	34	37	37	27	40	28	38	36	28	33	47	42	34	45	26	34	28	40	36	36	34	38	34	30	34	29	29	21	25	25	35	32	25	30	27	30	26	32	30	30	27	29	23	20	38	21	23	33	22	24	24	28	27	28	38	22	23	24	34	32	31	38	29	37	28	35	29	34	20	41	33	30
36	36	31	32	36	31	32	39	43	39	32	36	34	30	40	43	28	41	45	33	42	37	31	41	40	40	32	29	30	41	38	31	29	36	32	43	30	38	37	33	31	39	33	22	41	38	32	31	33	32	36	41	37	39	48	34	34	36	29	34	38	33	31	40	34	31	38	36	25	34	31	36	45	36	32	43	43	22	41	29	28	36	24	29	29	33	31	23	26	23	31	30	31	27	27	34	31	27	24	24	27	25	31	29	24	32	20	26	27	31	27	27	26	32	34	35	49	23	33	39	31	28	33	28	28
36	29	38	31	34	29	38	31	46	35	44	37	36	41	40	45	36	26	45	36	34	37	26	24	32	40	34	30	32	32	42	35	34	35	43	29	28	29	29	34	25	25	33	37	34	32	36	30	29	29	33	26	28	36	39	33	33	21	29	38	28	34	34	21	18	36	24	34	33	32	32	35	29	34	33	41	19	27	22	25	29	32	26	35	23	31	25	22	33	27	21	27	37	35	27	35	23	31	23	37	21	28	30	22	24	20	22	33	23	37	30	30	32	23	46	33	33	27	39	29	19	31	32	24	29
37	32	36	30	30	43	40	40	39	36	35	32	28	38	33	39	37	35	34	31	37	51	31	26	35	40	31	33	45	34	33	23	37	40	31	28	33	27	40	29	42	35	26	32	41	41	40	30	34	26	25	36	28	29	25	32	22	37	34	26	25	35	25	42	28	33	40	31	30	21	31	28	25	27	33	35	29	24	33	31	31	29	24	30	23	24	35	25	27	28	26	36	20	24	44	30	33	23	29	21	22	38	41	27	36	21	28	27	28	40	26	28	33	26	21	32	18	34	26	31	23	23	25	34	29
33	32	30	37	35	37	37	32	44	38	39	35	38	34	31	27	26	34	28	28	30	28	33	39	28	35	27	30	41	39	27	29	44	34	28	36	30	52	36	26	36	37	26	39	32	29	36	31	31	34	30	38	36	35	36	40	31	23	42	39	32	39	28	32	38	25	28	28	27	21	27	27	24	26	18	24	19	29	34	35	33	28	23	35	23	23	30	18	28	29	29	35	28	35	20	23	24	25	31	28	35	25	16	32	24	35	30	31	29	26	29	28	27	28	22	29	26	22	39	28	27	28	26	31	22
39	34	33	20	32	26	30	43	30	44	35	21	39	40	33	30	25	34	28	35	33	32	31	35	35	28	25	38	23	32	34	43	29	27	27	27	34	32	24	34	28	37	30	35	37	32	38	33	31	25	25	46	33	44	38	25	20	36	17	38	33	39	26	31	34	36	30	40	35	19	22	22	30	31	29	16	28	44	36	19	31	26	32	24	28	33	27	27	25	28	27	32	28	29	28	35	25	26	37	28	28	32	35	31	21	28	19	24	27	33	29	17	23	32	30	25	32	25	34	29	30	22	28	20	19
32	32	17	29	39	30	40	23	40	29	34	37	36	23	25	25	26	32	35	54	33	34	26	30	28	37	37	32	31	36	29	28	36	26	23	41	32	24	36	22	40	25	28	31	32	34	23	34	25	30	37	20	36	28	28	22	26	25	40	37	24	22	39	33	31	24	35	31	27	28	32	29	32	35	33	32	34	25	37	32	33	32	34	31	35	23	17	24	34	36	31	31	36	29	31	27	32	23	28	24	28	28	29	21	17	23	30	32	24	30	25	30	29	27	18	30	26	25	26	27	26	26	19	22	29
32	34	29	34	32	43	39	31	24	41	45	41	35	32	27	35	27	31	35	37	37	34	28	34	40	33	27	34	35	31	37	26	29	28	26	27	29	33	34	32	33	34	40	28	32	24	22	26	23	38	23	45	40	29	31	20	30	31	33	27	37	30	29	31	30	29	24	24	27	27	30	28	27	28	25	22	19	22	24	26	21	27	34	23	33	24	28	25	31	22	32	24	30	22	25	26	17	25	24	26	29	30	16	26	28	21	22	31	23	29	31	34	31	28	19	20	34	37	25	24	30	31	22	25	25
31	37	28	39	35	32	45	26	23	25	31	39	34	38	31	29	38	39	36	30	30	23	43	34	42	40	18	28	27	33	36	34	33	27	44	29	29	18	26	30	34	32	34	26	30	31	39	30	23	28	22	25	30	32	34	29	32	31	26	36	30	25	33	21	35	38	30	25	45	34	34	34	37	30	40	24	21	24	33	18	35	22	32	23	25	26	27	24	24	20	22	20	21	24	16	25	22	24	26	26	28	31	32	27	25	20	30	33	31	28	23	19	17	34	27	21	27	31	20	25	28	32	21	21	24
22	24	29	30	26	25	35	30	35	39	38	39	27	34	26	38	30	30	33	25	30	25	26	30	35	20	40	32	25	28	28	27	26	18	26	30	30	26	32	35	28	21	22	36	34	39	28	32	38	28	35	29	25	31	36	28	18	29	26	33	35	31	28	30	27	27	32	34	32	34	18	28	28	24	22	26	29	37	23	27	31	33	28	34	24	29	34	24	27	25	25	29	26	35	29	25	32	20	18	26	28	17	26	28	29	38	33	28	30	34	21	21	29	25	24	27	35	30	31	25	24	25	26	20	16
22	35	25	32	23	23	30	31	29	28	26	35	34	30	29	41	31	34	20	31	34	34	29	29	29	26	33	18	26	29	23	33	18	22	33	27	20	27	28	32	39	20	31	21	29	28	20	26	26	30	25	28	26	30	28	31	33	26	25	28	30	25	25	34	19	30	25	23	23	26	28	24	22	22	37	27	21	29	27	20	25	20	26	26	27	30	24	15	27	17	23	29	27	22	26	25	29	29	29	26	27	29	22	26	30	31	30	38	35	23	18	34	17	25	25	23	17	24	16	22	24	28	28	31	25
30	24	24	29	27	15	21	26	19	22	31	31	26	21	21	24	24	29	29	24	28	23	26	26	21	23	22	17	24	30	26	30	23	24	18	26	23	27	32	26	23	25	25	20	27	32	30	35	30	26	26	25	35	26	25	23	25	29	30	16	21	22	27	27	33	31	16	23	25	22	17	27	20	26	25	22	34	33	17	26	27	27	30	18	27	24	24	23	28	25	29	27	24	27	16	29	25	28	25	27	26	22	28	25	19	28	32	21	25	24	17	20	35	19	26	27	23	23	19	34	27	22	19	31	22
32	29	19	33	19	23	16	29	33	28	28	19	33	26	21	23	25	20	23	21	23	22	26	18	29	26	22	21	24	30	21	19	17	19	26	20	26	21	17	21	22	31	25	15	20	29	24	23	24	35	25	28	33	25	32	28	35	19	27	20	26	26	26	22	14	22	24	19	32	26	21	21	33	25	17	25	24	25	20	22	21	25	22	27	25	24	23	22	13	27	27	28	19	31	19	25	28	25	20	26	27	23	19	28	25	29	33	25	16	26	24	29	24	20	19	20	16	27	24	27	30	24	16	24	25
33	21	16	20	20	29	16	26	33	26	29	19	31	24	22	22	30	17	24	25	21	39	30	26	20	21	19	23	30	19	26	25	18	26	20	12	22	22	20	31	29	25	26	31	26	22	29	24	28	28	20	25	20	18	21	19	27	23	23	24	19	26	32	17	14	24	18	17	25	20	24	29	20	22	23	11	29	27	19	25	25	23	29	21	21	22	35	25	22	22	33	28	24	14	25	21	29	31	33	16	29	27	33	18	16	32	24	28	27	29	15	30	25	18	16	22	21	23	24	21	19	24	25	26	31
24	26	21	18	27	19	25	23	22	26	23	25	26	21	27	22	26	30	18	30	19	26	36	18	22	18	29	19	21	16	23	15	22	26	19	21	24	20	28	20	15	23	24	23	33	13	26	25	21	15	21	17	20	13	29	25	19	30	27	25	21	25	22	21	20	28	22	18	25	23	30	27	30	29	15	22	22	27	28	22	29	21	23	32	29	28	15	18	15	25	15	19	23	19	19	20	29	18	26	23	23	32	31	39	17	19	19	27	20	18	30	17	22	28	10	22	24	19	20	22	29	26	12	28	17
21	17	25	28	14	22	21	29	23	28	22	35	27	13	25	20	23	24	13	18	21	29	23	27	26	22	18	21	15	20	26	24	21	20	18	29	16	18	20	28	14	16	27	21	17	23	15	24	26	20	20	23	30	19	27	14	27	27	19	20	21	20	15	24	24	19	22	15	24	28	19	18	37	29	16	18	23	19	18	18	23	26	19	23	15	20	23	23	19	24	25	22	19	28	20	32	15	28	19	20	26	26	24	26	27	26	21	19	13	17	28	21	21	17	23	19	31	16	26	19	27	18	15	18	18
31	25	24	27	17	22	28	24	21	15	25	35	20	27	27	21	19	30	23	18	38	22	21	17	14	24	22	14	15	27	18	17	25	27	23	21	21	15	19	24	29	21	20	26	17	26	20	22	26	25	18	23	28	14	21	22	24	22	24	19	17	27	17	18	19	27	24	17	19	24	14	22	27	20	26	15	22	23	21	22	22	16	25	26	30	18	23	19	25	25	21	26	18	22	19	32	24	26	22	18	12	18	18	25	23	18	23	19	25	21	20	16	16	28	25	26	29	37	29	22	28	22	19	19	19
16	23	20	17	23	25	23	19	15	14	20	15	22	20	22	25	24	19	18	21	20	26	23	23	22	22	21	21	26	27	23	24	24	22	31	19	20	26	22	15	21	21	14	25	27	26	15	26	24	23	18	19	19	26	15	24	22	20	18	19	19	20	22	16	25	17	14	27	23	17	24	24	17	20	19	21	19	18	24	36	25	19	27	19	24	31	18	24	22	29	30	24	18	14	28	20	25	20	28	23	10	13	19	25	22	23	13	21	21	19	27	25	28	27	15	28	15	18	26	19	25	15	17	14	18
24	19	23	19	19	22	17	20	20	15	24	20	22	20	24	20	18	26	17	29	24	25	17	24	17	22	23	20	14	19	16	20	19	20	29	22	18	19	21	19	23	21	15	19	20	18	24	23	26	27	20	19	16	17	23	20	26	23	26	17	14	26	25	15	20	17	12	15	23	14	23	22	21	14	22	13	27	28	22	21	19	21	21	28	27	17	21	19	19	22	28	21	22	23	22	23	20	30	21	28	24	27	19	16	26	21	19	25	24	21	25	27	34	22	20	22	23	13	20	22	17	21	28	20	21
24	19	25	29	25	23	20	21	26	21	20	27	22	27	30	23	25	19	21	23	22	17	27	13	24	18	27	23	21	20	21	17	24	25	31	19	23	28	19	24	30	18	21	26	28	22	21	30	29	16	17	23	13	22	15	15	30	17	23	21	27	21	16	22	13	21	17	21	20	18	15	20	27	25	18	22	14	21	23	23	22	24	21	31	16	18	29	24	18	25	22	24	22	17	15	20	20	24	27	22	23	23	14	24	19	16	33	20	24	26	17	20	19	24	21	16	21	28	25	23	21	21	18	32	20
18	19	15	29	23	34	24	26	27	22	28	19	27	16	24	25	21	22	20	26	17	24	17	22	36	22	22	17	31	16	29	18	25	25	22	16	25	26	12	22	18	25	18	23	14	22	16	23	20	19	22	15	20	22	22	24	13	22	24	20	28	26	24	23	19	19	21	25	24	25	24	17	31	26	20	24	22	33	19	21	21	16	21	25	25	25	27	22	24	20	17	15	23	24	21	18	14	17	23	16	25	25	21	20	26	21	18	24	27	22	23	15	14	27	21	19	26	24	28	21	25	28	16	24	13
20	21	20	22	18	18	16	29	22	22	23	17	29	27	32	19	24	27	13	20	19	17	16	14	17	27	21	22	22	17	15	22	19	22	28	20	22	26	28	26	21	22	25	11	19	24	16	26	20	18	19	17	16	19	18	18	16	15	29	25	27	26	23	22	22	19	26	30	22	18	14	20	17	20	19	18	27	19	18	26	25	23	21	19	22	26	29	28	29	27	20	26	32	21	19	22	17	30	22	24	20	20	25	25	26	32	26	23	26	17	24	31	20	19	21	25	11	22	22	28	17	18	22	25	23
20	20	18	24	16	17	7	25	20	24	17	21	23	19	19	23	20	25	28	20	14	26	29	28	35	21	11	33	23	22	24	18	21	16	18	25	24	29	29	17	25	22	27	20	18	22	20	26	33	22	23	21	16	23	23	21	17	19	18	21	22	25	13	25	19	18	28	17	27	22	18	19	14	28	24	20	19	24	22	31	25	23	30	19	20	19	22	23	28	19	27	18	18	27	21	22	27	14	26	24	26	24	16	28	28	22	17	16	30	20	12	23	32	21	28	18	26	20	18	22	27	27	23	20	29
21	23	16	20	17	24	15	10	26	22	31	16	22	25	16	21	20	28	30	28	22	19	21	21	22	26	19	25	23	19	22	30	21	23	21	21	18	31	28	15	14	24	21	26	19	19	31	19	22	19	19	19	20	15	20	22	22	22	20	22	30	24	26	20	24	21	26	14	25	30	23	22	31	13	21	15	19	20	25	19	22	20	21	19	25	16	18	16	23	17	23	30	17	20	24	21	19	26	19	21	31	21	23	24	29	24	19	33	26	22	15	31	18	15	17	23	39	24	20	21	15	24	15	22	27
10	19	27	28	26	22	23	15	29	17	26	25	25	23	13	23	35	15	35	20	21	26	28	31	19	23	20	21	20	17	15	26	17	15	19	24	17	29	19	14	19	21	35	18	18	29	17	22	16	18	15	22	25	23	15	23	19	19	31	27	23	15	23	28	19	28	18	13	27	16	20	22	21	24	22	27	32	25	18	24	20	15	35	18	18	25	30	19	24	28	25	30	28	29	29	29	25	23	20	24	22	27	20	29	19	17	22	21	20	24	20	25	24	26	18	20	22	15	19	20	15	27	28	15	14
30	21	21	18	19	27	26	31	25	29	17	25	29	19	18	19	17	19	17	25	16	30	27	8	23	24	19	29	21	14	27	15	24	18	23	18	27	21	26	21	15	26	17	18	25	26	17	23	19	29	22	19	15	19	21	19	11	22	23	23	28	25	23	22	24	19	18	20	23	20	17	17	30	30	16	24	22	23	16	20	24	25	21	19	17	25	16	17	18	21	31	24	30	22	26	22	18	22	21	19	15	21	23	24	21	25	23	12	22	28	24	30	14	34	9	21	18	20	18	14	23	23	17	26	13
24	19	28	27	31	24	27	27	20	24	27	21	29	18	24	27	31	18	17	26	19	24	18	16	19	14	29	22	33	20	24	20	24	30	25	17	14	20	26	19	21	25	22	21	26	26	25	26	20	28	18	23	21	26	23	29	20	27	20	22	25	16	24	21	17	18	14	22	22	20	26	24	21	21	18	20	23	21	22	20	31	17	28	21	32	29	28	24	25	22	28	21	23	32	17	26	22	19	12	29	17	23	19	19	21	19	23	26	22	20	21	26	14	20	27	19	23	22	28	20	15	25	13	20	13
18	21	22	22	22	27	24	19	21	20	25	23	34	30	20	17	28	23	18	18	33	11	28	18	24	28	19	32	23	22	27	19	21	22	37	22	21	16	24	19	20	19	24	15	22	20	17	22	23	23	27	15	20	24	22	32	26	20	31	20	15	17	19	21	18	19	27	21	27	16	16	20	30	24	14	23	17	30	32	26	22	28	25	17	30	21	20	25	29	23	24	28	22	20	22	22	30	19	32	23	20	25	28	12	21	21	27	15	22	11	27	21	15	30	21	29	13	23	18	27	20	28	21	18	19
15	21	19	21	19	18	17	26	17	27	27	28	22	20	27	28	23	22	29	16	30	22	11	13	23	24	24	17	20	19	35	22	24	32	22	18	32	13	21	14	23	21	22	22	29	23	17	26	32	30	25	30	31	22	26	23	24	14	23	25	16	18	19	16	18	22	21	20	22	24	20	20	26	27	21	24	18	17	27	24	27	30	19	18	26	20	27	19	28	32	24	26	30	22	28	31	24	27	22	25	19	27	28	22	20	17	24	24	32	24	24	30	20	26	24	22	20	15	39	27	21	25	23	19	21
19	25	23	22	35	26	24	28	22	20	27	22	21	25	28	20	16	26	27	24	24	18	22	18	24	26	33	31	9	28	29	19	19	17	29	26	20	31	20	22	25	33	30	31	23	27	22	27	30	21	29	25	24	20	28	27	19	25	24	22	26	19	27	25	27	23	18	17	18	30	21	23	13	24	25	29	31	36	17	26	22	26	32	27	22	18	25	26	26	29	27	22	28	24	28	35	18	19	21	23	33	22	27	22	18	24	29	18	31	25	22	26	25	28	19	24	25	14	22	26	31	20	30	18	25
28	24	20	16	28	25	29	32	23	30	27	22	27	29	23	17	25	25	19	26	26	19	21	23	28	26	28	26	29	33	25	27	27	18	15	22	25	24	23	12	16	24	31	26	29	20	25	21	18	21	23	25	17	25	15	17	25	28	21	19	26	26	29	20	18	22	36	24	21	18	30	18	21	26	24	24	25	26	30	23	27	33	31	18	26	17	28	20	30	21	20	30	26	24	29	20	27	26	25	23	26	22	23	25	26	14	24	25	29	21	21	26	23	31	17	26	14	20	26	24	18	25	25	21	19
26	24	20	29	27	30	24	26	29	30	28	30	29	25	22	25	27	32	27	28	24	25	26	24	28	24	26	25	22	25	22	30	19	21	15	18	24	27	27	22	28	30	32	21	27	28	28	36	19	17	22	15	25	14	20	28	14	24	17	28	24	19	30	37	38	21	25	24	22	27	33	23	23	19	28	27	18	22	29	23	24	31	32	25	21	25	25	18	22	25	27	34	23	23	22	31	22	27	30	18	26	26	28	33	29	20	20	28	25	28	27	27	25	27	32	16	22	27	23	17	22	25	33	20	21
24	24	26	31	27	22	21	19	25	22	21	23	31	36	26	30	24	21	32	22	27	28	19	19	27	26	21	18	25	24	31	15	23	13	25	18	28	32	22	24	25	25	22	25	20	17	32	20	22	27	17	26	25	25	21	20	25	19	29	30	27	24	23	26	27	23	16	30	20	22	24	27	28	27	22	22	34	26	30	28	35	38	32	26	29	25	30	27	20	28	27	43	24	25	12	25	13	16	19	23	15	23	23	18	29	23	25	18	10	23	23	30	24	20	19	23	23	14	28	22	31	27	19	32	33
20	22	25	33	29	23	20	24	26	26	26	33	27	29	24	24	26	27	23	28	26	23	22	18	29	37	23	31	27	19	29	22	29	28	31	21	24	27	28	23	21	16	24	18	25	21	20	18	30	23	27	25	30	30	23	31	31	21	29	27	24	30	18	17	23	22	21	30	26	15	26	26	34	21	30	33	19	26	32	45	25	32	27	42	33	39	30	26	38	24	25	34	38	38	19	23	37	27	28	24	23	29	30	21	24	27	23	27	27	29	22	28	29	19	20	28	28	23	31	22	23	32	29	16	25
17	25	17	21	32	30	30	28	18	17	22	19	22	32	31	22	16	24	25	23	16	25	24	28	23	26	26	24	25	19	27	30	22	31	24	22	27	24	25	26	28	27	23	23	27	27	30	32	24	23	20	22	22	39	20	25	26	24	22	23	17	34	32	28	30	23	24	24	21	24	30	21	18	27	26	27	24	21	28	41	41	35	33	40	29	36	29	22	38	29	26	37	25	41	29	32	19	34	21	28	24	27	24	22	27	37	23	20	25	26	32	24	28	23	27	29	27	24	22	25	23	25	28	33	14
23	31	26	23	24	40	22	27	24	31	42	27	27	22	27	27	27	28	26	27	17	29	26	24	23	23	24	23	27	27	37	40	34	17	37	25	27	17	30	30	19	30	21	26	28	26	34	33	20	30	21	30	28	30	25	21	26	30	32	26	30	23	22	18	26	22	29	26	37	17	37	33	27	20	24	35	30	29	40	32	41	30	31	33	35	30	27	33	23	39	28	27	28	26	30	28	24	21	30	27	27	31	27	30	29	34	31	26	29	30	24	22	22	27	31	32	28	24	22	25	22	31	20	19	19
24	26	16	18	21	36	31	32	29	29	34	23	30	36	22	35	26	41	22	31	28	24	27	26	27	26	23	18	40	26	34	28	26	18	20	23	34	30	33	32	31	24	28	29	19	25	34	34	20	17	30	23	33	20	31	21	32	30	22	33	21	28	21	27	26	23	25	21	22	21	30	21	26	26	25	34	19	29	34	43	35	42	38	27	31	29	32	36	26	21	34	27	26	30	25	33	26	31	20	28	31	25	33	26	23	26	18	26	21	32	22	15	22	32	23	29	24	26	19	25	24	30	28	28	22
35	15	22	16	25	32	26	22	28	25	35	23	30	26	25	27	27	19	15	28	23	21	25	36	31	38	30	33	28	39	28	22	29	28	29	23	18	35	22	22	38	26	30	21	27	22	27	33	20	31	25	22	21	29	29	45	27	28	30	25	22	23	24	29	29	16	21	18	31	25	17	21	24	27	34	29	27	37	29	26	36	36	45	39	37	34	33	30	32	31	27	27	33	32	24	25	33	34	29	30	17	29	34	36	23	32	37	26	16	22	34	19	21	25	21	20	28	25	28	26	27	25	32	36	22
28	32	28	31	26	24	24	28	26	27	36	37	28	26	29	19	26	29	27	36	34	19	27	27	24	17	21	20	20	43	27	25	28	29	36	29	31	26	32	24	25	21	17	21	35	31	22	35	27	27	17	23	28	29	22	30	31	31	29	20	31	13	25	30	29	29	19	34	26	27	40	20	31	29	25	40	25	23	29	26	26	45	38	42	40	40	43	33	42	29	28	30	31	34	21	19	24	36	34	37	33	28	21	29	29	31	28	30	25	25	34	34	32	29	33	27	36	23	28	16	26	34	29	31	24
31	25	21	32	26	24	28	24	34	24	35	28	21	29	30	42	26	27	26	23	40	33	28	26	30	32	27	21	21	24	33	25	29	31	40	31	31	19	29	31	30	34	30	28	26	37	25	26	33	35	34	33	28	25	25	28	21	28	24	20	21	25	16	33	24	39	35	23	34	21	32	33	37	39	26	23	25	33	41	33	36	38	40	48	51	42	40	38	50	28	31	30	37	30	27	27	30	24	29	25	23	42	33	27	28	25	23	21	22	21	27	35	26	33	26	31	33	17	25	18	19	27	32	29	19
47	26	23	26	37	30	17	30	25	20	27	29	24	26	28	27	19	24	38	30	25	27	32	25	31	31	34	33	38	33	33	21	28	37	27	28	30	25	28	20	21	31	25	22	26	22	25	36	25	28	23	38	30	28	25	26	25	25	29	32	39	39	26	20	30	25	28	34	35	33	26	24	18	28	26	30	37	22	25	34	34	38	45	42	35	38	25	46	41	33	30	28	28	31	40	26	33	32	34	32	37	19	28	31	32	39	22	23	31	25	36	15	44	35	22	29	21	38	34	23	30	29	33	20	27
29	24	34	19	37	27	36	34	19	24	28	33	27	34	27	31	41	22	33	23	30	30	34	33	33	20	29	21	24	33	29	28	23	35	29	26	23	29	23	27	25	30	30	47	23	28	33	21	31	33	31	32	39	33	23	24	29	18	35	34	31	29	19	19	32	35	31	32	28	19	32	33	31	31	25	32	29	42	27	34	33	50	40	33	46	46	34	34	41	29	25	36	34	48	37	22	37	27	28	34	32	27	24	31	25	26	37	24	24	35	34	34	28	32	26	40	23	34	31	16	37	23	27	32	33
27	26	32	44	33	36	28	18	32	34	31	21	25	31	33	30	33	29	38	21	24	24	27	34	29	39	36	38	26	32	26	32	28	37	31	32	28	29	27	19	20	29	45	24	22	38	29	23	25	31	27	28	20	17	25	27	22	33	32	31	31	32	32	34	33	24	37	31	27	29	29	18	32	28	26	33	28	30	38	46	38	33	44	39	42	42	43	31	30	33	30	26	25	36	21	22	29	30	34	27	38	22	33	24	36	31	41	25	30	27	30	31	34	29	34	28	28	27	18	35	33	23	24	25	24
29	35	33	34	37	29	33	35	41	35	30	32	22	30	24	26	22	19	32	31	29	29	38	35	33	42	31	36	36	30	33	34	31	37	34	24	28	32	34	37	31	31	37	30	29	31	29	26	31	24	29	41	26	32	26	39	27	30	33	36	29	34	29	31	29	20	29	18	25	27	29	25	40	28	35	37	42	25	36	31	43	36	48	54	44	38	25	40	40	28	40	37	43	40	36	33	32	32	36	30	24	29	40	26	23	27	35	29	23	30	23	29	26	33	33	32	40	31	27	24	39	29	30	32	32
20	25	42	25	34	30	32	37	33	34	31	34	28	30	32	34	36	33	28	23	23	19	21	37	31	26	25	39	28	22	29	41	33	32	36	22	33	36	31	24	28	33	32	42	35	27	36	36	25	33	29	24	27	29	41	26	32	31	36	39	18	30	33	36	24	46	35	44	36	35	25	34	37	38	42	29	35	42	33	39	23	34	50	37	35	37	50	34	34	44	48	35	30	22	37	38	29	38	34	27	26	36	32	39	29	36	36	27	27	25	40	30	24	30	32	30	31	29	35	33	31	35	28	39	35
41	27	26	45	48	37	34	37	25	40	31	32	24	36	18	30	26	30	31	38	32	37	31	25	33	30	31	37	29	37	31	31	32	34	31	24	24	23	35	33	38	44	28	26	45	32	38	36	33	35	43	30	26	23	31	31	21	35	31	29	33	35	42	35	34	34	21	26	27	29	31	32	25	35	36	24	43	37	38	45	50	46	37	38	44	44	44	39	47	42	36	28	30	32	39	41	25	34	37	30	32	24	36	25	31	37	31	32	36	37	28	34	36	29	37	35	29	36	44	34	32	28	26	32	32
34	35	31	33	42	29	35	35	36	30	41	33	29	42	32	45	30	36	32	29	32	41	33	37	21	39	33	38	43	38	42	24	25	28	37	33	40	33	26	31	32	35	33	32	37	43	30	41	32	28	34	37	35	32	28	47	34	29	35	43	37	36	38	29	39	30	28	42	34	39	39	27	36	37	34	42	53	54	41	52	58	56	40	58	44	36	37	41	36	30	25	39	33	41	27	28	31	36	25	28	29	41	31	44	36	39	41	39	28	34	33	29	44	32	37	31	32	28	46	42	47	29	27	37	39
39	36	22	35	39	48	38	42	45	36	49	37	39	36	34	28	30	31	32	27	28	36	36	40	34	38	30	35	42	42	34	23	37	37	24	32	34	33	34	32	29	28	31	35	30	28	26	41	35	33	31	27	28	31	27	33	28	34	34	34	43	34	45	39	31	46	25	32	30	29	26	42	38	33	47	55	48	43	45	43	51	47	44	53	49	37	38	38	33	43	47	44	45	42	34	40	28	36	27	32	23	35	34	30	43	40	37	37	37	28	32	39	37	22	30	34	30	34	34	32	31	42	26	39	28
36	32	26	30	32	43	26	40	38	51	29	27	28	40	32	39	40	23	39	34	42	44	33	43	36	36	31	31	38	37	32	35	38	43	36	31	32	38	30	35	35	34	32	24	35	42	50	37	39	26	41	43	41	37	37	43	37	32	22	35	29	42	26	33	45	37	34	42	31	24	22	37	45	31	39	40	38	58	53	63	63	41	60	38	40	37	39	32	52	43	37	35	32	45	45	29	41	44	45	27	44	32	39	33	35	46	35	35	36	42	33	34	44	39	39	44	35	38	40	27	26	38	36	36	32
43	27	27	25	45	47	37	42	38	32	34	41	32	36	32	28	40	40	38	30	36	33	45	31	34	36	39	28	37	32	36	43	27	48	41	32	47	39	43	36	36	36	42	30	35	41	38	30	39	38	38	38	34	49	35	37	46	36	46	28	29	40	37	42	32	32	43	42	37	28	24	33	32	41	38	29	46	56	77	61	62	56	54	47	43	37	43	33	41	36	27	40	31	44	39	33	35	32	33	43	35	32	43	43	30	38	40	38	37	31	35	33	39	38	41	32	30	46	40	31	37	32	35	40	36
44	27	38	42	42	40	36	45	43	42	42	34	51	37	38	28	37	36	34	37	29	30	40	35	49	39	45	38	27	37	40	32	51	42	34	42	50	40	35	42	28	48	42	42	42	52	41	36	32	30	36	31	46	33	36	37	49	38	40	38	38	34	34	43	45	41	42	37	38	28	31	47	51	40	49	40	49	56	64	56	62	67	59	55	38	31	39	50	34	39	44	44	29	47	37	32	38	29	33	32	31	43	44	39	41	43	44	34	38	36	47	35	33	33	39	45	43	44	33	39	41	39	30	38	34
35	40	41	35	45	37	37	39	38	45	44	45	42	41	45	40	51	38	42	35	30	43	32	41	46	34	33	41	37	35	40	46	38	47	35	51	43	38	35	31	41	47	40	37	35	37	37	47	45	46	35	31	46	38	38	31	23	45	48	55	37	44	48	43	39	35	48	39	37	40	34	39	22	38	46	38	34	47	52	59	57	71	61	51	47	48	38	43	41	33	36	41	48	37	38	31	44	42	42	32	31	43	33	35	31	40	55	35	43	46	40	30	44	35	42	43	38	31	38	32	40	39	39	42	33
32	45	43	42	42	33	24	42	37	38	24	46	32	34	53	44	35	32	50	45	35	39	48	33	48	31	38	38	38	30	55	50	47	34	39	37	45	40	44	43	38	59	40	30	44	36	37	35	35	48	45	33	40	44	53	37	23	41	36	48	51	37	44	37	45	38	37	42	46	34	29	35	34	49	48	42	36	47	60	57	67	55	59	75	59	50	35	50	45	49	50	52	46	41	39	30	34	32	30	30	42	36	40	45	45	45	39	40	46	45	31	42	37	49	39	29	45	36	47	46	37	48	45	38	43
42	32	41	39	40	38	34	41	48	43	39	42	54	48	38	49	45	42	31	34	50	58	37	49	40	50	35	46	43	50	33	43	43	46	42	37	35	40	39	36	39	33	36	44	46	45	53	37	45	45	41	32	30	35	49	48	37	42	37	36	37	31	37	41	54	48	38	34	41	34	44	45	39	39	48	31	42	46	47	69	82	71	59	57	63	56	42	55	45	36	36	44	42	58	37	39	29	40	36	37	38	35	40	46	50	39	37	42	39	35	39	29	28	49	40	34	45	39	42	43	49	37	51	49	33
31	49	38	34	46	52	47	51	42	44	43	44	41	43	40	53	55	50	43	51	41	46	54	38	51	47	37	39	42	50	30	37	55	35	52	41	49	39	28	49	37	32	47	48	49	26	41	54	56	47	48	33	42	47	44	36	65	38	51	33	45	41	54	38	47	40	49	41	41	39	49	48	39	40	50	52	47	57	47	50	78	67	57	49	53	47	50	48	36	42	41	35	37	36	45	37	40	44	46	52	49	36	46	36	41	34	44	43	50	29	50	50	43	45	39	36	56	50	34	32	43	52	44	41	42
49	37	42	42	37	40	44	54	44	38	48	44	38	43	44	39	40	51	39	44	31	44	38	42	37	44	45	51	47	50	35	54	67	43	36	33	52	50	47	51	57	42	61	47	40	40	44	32	34	41	43	44	31	45	34	49	43	43	34	36	48	50	37	41	42	34	44	51	39	48	63	41	53	37	46	47	41	42	45	50	59	59	46	39	51	50	45	47	42	46	47	44	41	45	36	38	46	37	47	59	46	40	48	44	46	49	58	55	56	45	54	41	49	29	39	41	36	57	52	53	48	47	35	43	33
46	49	52	45	41	46	43	45	58	39	45	50	56	51	47	44	46	43	42	43	48	40	44	44	47	45	55	51	45	67	34	48	44	46	45	60	54	42	50	52	57	36	57	37	40	53	45	45	41	40	46	49	36	42	49	37	49	31	47	42	51	56	48	39	35	46	36	49	37	53	57	36	52	42	46	48	47	42	43	39	60	51	45	53	50	56	53	51	50	36	31	57	59	28	46	42	47	46	43	34	51	48	46	37	37	48	47	48	44	46	46	43	44	65	41	30	50	49	33	41	39	51	52	40	45
29	53	42	52	45	42	54	56	47	47	41	36	33	41	55	61	65	51	44	41	45	59	45	51	53	60	34	67	45	37	55	51	45	52	48	41	47	44	36	53	46	54	53	60	53	48	54	67	36	58	43	45	58	51	46	40	43	46	42	45	50	37	38	51	45	43	47	38	50	50	36	54	52	47	47	56	52	48	54	47	36	40	52	51	59	53	43	48	44	42	49	37	40	48	38	41	43	53	53	43	50	53	55	50	38	56	42	42	56	41	35	52	52	43	39	59	46	48	42	35	50	35	50	44	39
41	61	52	53	53	59	50	57	59	41	54	44	36	41	52	53	46	54	52	52	50	50	55	45	62	51	58	52	44	48	56	45	42	52	45	54	49	50	50	60	53	39	46	50	42	49	42	49	57	52	66	64	42	55	62	53	42	42	49	40	46	39	61	50	40	72	61	62	50	48	47	47	41	60	51	47	49	63	49	55	52	54	60	50	38	53	40	56	46	44	49	55	46	58	40	49	43	47	56	54	51	41	57	53	52	60	43	57	50	52	45	51	47	48	53	51	47	47	40	42	42	51	33	61	39
52	51	51	44	46	32	50	48	55	50	55	54	44	55	62	45	51	49	39	33	59	56	40	55	57	55	53	49	48	50	50	49	41	52	44	58	52	39	47	54	54	50	40	42	52	52	67	48	34	43	49	55	44	68	55	42	37	62	54	52	50	45	46	47	56	50	55	46	42	50	57	47	48	46	43	51	48	48	54	55	63	56	49	52	46	39	50	55	53	42	56	55	44	47	50	52	47	51	41	45	50	47	54	52	52	47	62	49	56	62	44	56	39	50	65	45	57	49	46	52	45	48	45	45	42
49	43	47	44	42	59	41	46	57	48	59	45	54	54	49	55	53	58	36	54	56	54	52	49	51	59	65	53	43	44	73	44	45	48	55	51	50	47	58	42	50	58	46	53	46	57	53	46	51	44	59	63	52	49	53	46	46	50	41	47	41	56	49	54	44	54	54	44	39	52	47	50	47	41	37	28	39	48	55	58	47	46	58	49	52	53	65	41	61	42	44	47	49	48	49	50	49	64	44	48	41	48	52	36	46	51	53	52	60	59	41	62	38	41	47	61	60	60	45	42	51	46	52	51	57
43	46	57	43	54	57	51	49	52	60	45	57	61	56	63	43	49	47	49	48	44	50	41	40	50	43	56	54	52	56	61	52	40	37	50	50	53	60	46	43	65	55	47	55	46	41	49	49	42	60	54	46	63	50	41	58	55	58	44	42	41	57	48	46	52	50	51	45	42	54	65	64	46	39	45	60	48	64	60	61	43	44	57	59	60	53	42	61	40	63	57	42	58	55	47	63	42	53	55	53	58	61	52	49	49	41	44	59	43	50	45	43	46	45	42	49	43	45	45	50	52	40	51	40	48
47	53	55	47	52	44	42	62	52	49	57	59	53	48	63	45	53	55	39	45	53	59	52	52	53	54	64	48	44	48	69	57	49	45	50	61	44	51	58	59	52	51	54	61	52	49	65	46	55	51	52	47	60	55	37	50	48	43	54	54	53	49	51	51	59	51	48	42	51	56	49	54	69	53	57	58	51	47	60	39	61	45	45	41	50	55	52	58	52	46	72	51	54	44	45	49	70	52	44	49	54	50	44	48	51	47	54	48	47	47	54	50	52	58	41	48	59	64	53	55	43	57	54	61	40
59	63	61	51	54	39	57	54	57	52	57	49	42	41	52	53	64	45	53	59	50	57	44	61	54	66	46	49	43	53	40	64	49	55	44	45	45	56	50	56	58	47	50	55	51	50	61	42	52	42	50	50	59	53	55	62	42	48	56	61	43	45	48	64	56	58	46	52	45	53	59	60	66	37	49	50	47	49	57	54	59	48	60	68	57	52	50	53	43	51	43	47	46	53	49	47	56	60	61	40	37	47	36	49	43	52	52	64	60	46	47	62	53	55	40	41	59	38	51	59	40	54	43	53	48
49	50	42	49	60	53	65	54	65	62	50	55	53	60	63	55	48	58	57	59	57	48	51	66	45	56	53	54	53	51	55	54	34	57	44	47	68	52	51	56	42	63	48	44	53	47	64	60	54	48	60	56	46	57	37	56	44	40	59	64	45	43	38	41	59	55	45	53	68	51	63	51	52	66	55	51	57	42	60	52	57	47	33	59	60	55	53	61	53	51	37	55	50	39	60	56	61	57	60	63	49	44	59	61	48	59	50	63	48	54	62	54	57	50	50	53	47	57	72	54	57	40	59	55	49
34	64	50	40	58	51	41	50	65	59	65	54	42	49	40	54	51	56	40	63	57	57	40	54	47	51	61	56	52	50	60	49	44	53	44	46	60	61	54	44	51	47	57	54	63	39	63	53	47	46	58	44	52	34	43	56	60	49	57	47	48	65	54	60	50	47	45	58	56	56	47	40	54	50	45	50	41	51	58	51	68	51	61	58	47	50	50	54	68	61	63	49	46	72	78	49	44	63	56	48	50	50	57	58	54	62	58	60	56	49	59	58	41	52	59	61	56	53	58	55	43	49	45	58	41
40	54	47	46	49	52	55	59	38	52	43	44	67	52	56	46	59	46	47	45	44	51	55	62	52	54	46	54	68	46	46	49	50	52	45	41	51	50	61	59	53	52	47	53	52	52	68	61	46	56	47	51	46	42	40	49	53	39	48	40	55	52	52	55	51	49	45	55	48	46	58	52	53	51	37	50	39	34	55	40	42	39	44	48	40	58	41	62	37	53	44	64	49	50	53	40	50	28	56	52	55	53	41	47	43	49	50	53	52	50	49	50	48	52	46	48	47	48	39	57	44	55	52	46	55
