80	103	86	85	96	88	74	89	92	109	84	86	102	107	101	97	100	120	104	103	123	124	124	120	142	149	144	163	136	141	149	126	121	114	118	91	84	82	74	93	82	77	85	99	76	76	85	69	93	85	93	90	92	94	91	88	72	92	87	91	73	72	87	85	76	87	76	75	79	97	95	73	81	88	85	83	80	75	73	84	76	76	71	80	88	75	76	78	63	71	85	102	88	74	90	83	85	90	92	90	72	80	80	74	104	74	77	81	89	76	80	75	70	82	97	94	85	72	72	85	81	85	70	69	78
93	87	80	83	85	94	81	106	92	104	103	76	95	83	81	106	90	111	93	103	113	117	141	129	148	161	150	145	145	127	135	101	114	109	119	95	109	100	103	94	91	88	83	96	81	85	83	93	84	76	78	90	93	94	70	87	84	86	90	78	96	103	74	86	92	79	95	90	79	83	78	77	65	84	88	82	70	79	88	87	95	89	96	88	79	71	81	80	95	96	74	83	97	86	94	98	78	88	86	93	89	85	86	90	80	79	83	94	78	95	86	89	72	82	81	80	75	78	87	82	75	89	75	81	80
78	82	90	85	79	107	93	101	98	99	83	102	93	98	114	102	84	121	128	130	111	122	165	146	128	145	130	174	151	134	117	134	119	101	90	110	108	83	102	104	88	107	89	100	81	73	88	91	85	100	79	93	102	97	87	70	74	73	80	75	81	88	95	79	71	79	86	76	77	83	77	91	99	84	86	94	89	81	71	98	75	79	75	72	78	88	95	89	94	101	101	83	93	76	97	87	82	84	96	91	78	82	86	83	82	88	79	61	79	81	73	81	96	82	92	78	78	81	95	88	77	103	99	69	72
100	64	84	104	83	100	89	110	93	97	85	90	107	102	87	107	112	124	121	145	146	123	143	165	180	144	165	129	148	138	139	133	124	101	104	97	96	90	83	76	96	99	92	95	80	83	103	96	86	84	87	76	88	82	95	85	91	105	102	66	88	80	95	94	76	89	79	94	90	88	74	82	84	77	101	80	84	105	88	74	94	57	74	88	78	79	76	89	90	91	82	77	94	95	107	86	77	86	88	101	76	87	72	87	101	77	99	66	74	93	79	86	80	82	86	83	89	69	73	69	86	88	83	84	80
78	85	86	85	96	96	105	92	111	102	103	98	110	139	92	119	130	143	138	134	143	142	155	147	149	173	137	154	144	134	129	119	108	68	117	107	91	95	92	78	101	97	107	92	82	80	95	89	106	87	84	98	91	90	88	90	98	93	82	97	86	97	98	103	89	87	106	79	89	77	81	81	101	92	91	78	77	82	82	82	78	82	76	85	76	90	75	77	97	69	73	80	86	81	87	76	85	91	101	74	79	104	89	83	94	84	89	70	80	85	88	62	88	92	91	79	76	104	88	82	98	85	77	87	70
83	90	94	100	91	109	91	93	107	105	92	107	100	111	114	133	153	132	144	137	156	167	152	163	184	152	156	157	129	114	127	124	104	107	112	93	84	109	81	87	98	80	83	78	102	91	102	87	89	107	106	77	71	97	91	106	88	89	92	101	95	94	84	105	99	88	79	86	90	93	94	76	81	90	89	95	98	91	88	84	86	88	60	90	67	79	90	77	88	83	92	82	105	82	78	88	90	92	101	93	80	94	91	90	74	93	96	95	74	104	88	92	80	85	78	87	114	82	91	90	84	85	77	81	93
90	105	107	86	103	93	100	112	109	116	115	112	121	106	128	131	153	147	168	166	157	170	153	154	160	164	150	161	124	101	112	127	106	99	106	110	84	97	109	102	75	99	90	96	98	94	95	98	89	107	99	107	88	98	80	101	101	94	102	94	84	84	100	88	94	86	102	94	86	83	100	82	87	82	104	108	81	89	79	83	113	95	83	100	124	107	90	105	92	80	86	95	99	100	91	83	84	96	88	81	90	92	93	87	74	88	76	93	82	94	85	83	91	83	97	79	87	94	65	102	84	88	92	74	76
104	97	125	91	90	96	110	96	107	102	114	116	127	113	143	138	161	148	158	189	204	178	184	166	152	142	147	149	114	113	122	128	92	102	91	100	96	96	90	93	99	92	85	78	94	97	93	103	92	107	96	83	87	100	104	111	100	95	93	92	80	108	89	93	99	94	101	92	87	88	96	79	96	85	104	88	106	91	87	88	81	95	76	76	96	99	87	110	94	86	75	90	89	90	90	102	88	100	88	109	94	98	100	78	88	84	88	100	111	99	93	88	108	83	96	76	84	92	90	110	93	97	93	99	81
97	91	103	84	106	116	116	92	120	120	106	117	146	152	162	170	173	174	182	192	211	185	179	178	148	157	138	130	129	131	98	108	120	91	92	112	108	86	90	108	105	80	89	100	88	93	90	92	85	113	88	98	79	98	88	99	84	91	114	105	87	81	86	112	96	87	89	95	95	122	101	96	105	104	76	119	88	110	95	82	79	87	82	97	88	80	95	91	87	89	100	98	106	96	91	81	90	90	90	94	108	87	92	95	75	98	103	99	105	86	84	96	78	94	88	89	87	96	94	87	99	86	94	92	108
103	101	114	100	109	122	96	115	118	109	109	135	153	169	168	163	174	210	197	157	201	199	183	163	175	152	124	111	132	117	103	110	95	100	110	115	107	90	92	87	84	87	105	106	112	95	111	92	101	107	78	86	115	81	101	99	95	80	102	98	106	88	99	94	98	83	97	83	96	86	89	91	112	94	97	99	91	99	97	91	91	84	95	95	84	94	91	86	86	91	98	86	88	88	97	85	110	104	90	90	104	98	97	89	91	99	90	89	88	90	90	96	120	99	84	71	89	101	86	92	94	97	101	99	99
111	102	112	98	119	112	108	119	103	107	134	115	162	153	168	173	183	199	198	191	189	211	188	174	176	153	137	123	118	101	112	106	103	106	122	90	93	96	70	94	95	95	106	96	99	106	93	93	93	113	103	99	89	91	93	101	106	104	97	98	111	105	85	102	80	105	90	112	96	111	98	95	100	88	84	97	96	102	104	112	87	105	102	91	91	98	80	89	81	88	98	89	106	101	111	92	108	85	100	88	86	107	107	96	100	86	98	106	90	78	85	101	93	95	107	99	103	90	91	94	104	94	74	93	77
107	115	108	129	98	116	117	125	132	140	154	149	170	158	186	195	185	179	221	222	194	211	185	175	174	153	123	122	119	106	108	112	84	95	91	120	95	102	105	111	122	104	94	97	111	108	97	125	97	93	95	96	108	103	97	89	103	92	99	86	101	108	109	77	92	85	100	114	94	101	110	92	99	94	88	94	107	91	103	76	94	101	98	109	110	107	89	98	95	97	95	102	81	92	88	90	95	79	93	123	77	105	91	88	112	95	92	91	105	77	91	121	88	113	105	93	83	86	91	124	110	93	92	90	92
133	123	119	106	139	127	126	155	126	141	145	160	159	184	183	193	212	223	229	217	214	189	192	169	164	143	148	120	122	140	117	108	125	99	105	96	102	107	86	95	99	94	107	109	111	114	101	99	100	83	88	99	99	97	120	107	95	114	107	94	92	104	114	104	97	128	97	96	89	81	107	109	90	88	94	113	105	102	79	92	114	97	108	98	104	101	96	95	109	96	92	87	96	95	110	106	105	120	100	97	87	105	101	105	99	98	96	81	89	96	90	114	111	109	86	84	102	86	91	101	98	113	104	103	97
134	128	120	135	137	149	150	132	122	128	169	146	186	173	218	216	228	251	229	224	201	210	190	161	153	146	123	115	126	109	112	90	98	115	93	112	108	101	130	104	92	109	103	112	98	111	82	107	88	98	92	91	94	103	91	119	111	108	99	98	96	111	119	95	121	88	97	111	104	108	110	117	103	115	70	85	90	117	84	97	108	102	105	100	114	119	77	86	76	95	90	91	107	95	96	110	98	103	97	101	94	101	95	92	108	97	90	109	93	86	113	88	92	120	111	103	98	104	101	93	106	103	94	96	101
135	166	158	137	150	154	145	166	151	170	152	155	184	223	206	219	255	209	239	217	197	186	190	173	144	149	134	117	127	129	132	108	102	101	95	102	114	100	106	91	103	100	102	112	94	105	116	120	82	93	107	112	110	90	91	118	89	102	92	112	96	98	108	111	106	105	100	119	116	104	120	112	114	95	84	85	101	116	89	85	108	100	86	91	96	96	96	86	92	117	87	122	109	101	107	83	89	111	106	109	105	101	103	111	110	116	114	93	114	102	112	105	134	100	112	97	114	106	101	93	100	109	91	93	94
138	148	173	167	155	168	156	179	205	194	189	207	183	218	238	258	256	229	202	216	201	216	155	173	151	132	150	108	122	115	105	113	96	104	112	101	121	113	130	115	103	101	113	109	108	132	112	106	90	115	105	112	104	100	104	102	111	106	89	105	109	105	122	106	102	105	116	100	107	99	95	98	110	105	98	111	111	98	87	99	120	101	112	90	116	126	99	107	95	97	128	101	113	113	108	98	96	102	115	95	92	93	97	87	80	109	122	91	109	92	95	103	115	114	95	119	101	101	90	103	113	103	98	115	109
139	150	196	185	183	165	200	215	208	211	217	207	238	209	277	277	253	249	243	205	197	173	142	152	142	133	148	123	124	133	116	115	100	122	113	102	108	104	100	99	102	117	108	105	104	86	103	115	102	108	104	112	111	126	104	111	110	104	100	107	104	91	120	104	110	119	102	120	107	137	82	117	100	114	111	113	99	107	110	117	110	135	108	116	107	101	96	108	98	105	110	105	110	102	98	111	84	92	95	112	86	113	78	122	88	116	93	102	88	98	106	111	97	103	98	101	98	85	109	96	101	107	99	105	82
154	176	193	217	212	206	272	260	265	273	246	270	250	255	276	273	274	242	215	231	207	182	137	147	142	133	130	111	113	130	110	112	109	120	122	110	104	136	129	96	115	110	111	112	116	122	104	105	104	106	95	113	110	129	129	108	109	116	117	109	108	108	116	93	106	86	118	109	126	122	112	84	102	109	117	108	104	99	136	109	98	104	110	109	127	116	106	86	117	94	114	116	101	93	111	97	107	93	104	92	101	106	116	110	123	94	123	109	106	98	109	121	112	125	99	96	113	104	95	102	99	101	118	111	100
170	175	192	255	265	280	296	326	307	301	294	331	325	290	296	260	232	250	232	230	211	164	174	142	145	134	132	119	118	122	141	125	115	112	121	101	116	112	113	112	112	121	104	121	101	132	108	124	132	115	129	103	91	118	121	128	120	106	113	111	109	105	108	114	120	130	106	123	110	115	97	111	124	97	120	141	94	115	120	112	126	105	105	122	120	120	104	130	119	116	116	109	128	118	120	108	127	111	103	122	124	114	121	115	118	110	131	129	115	117	104	94	124	127	111	106	104	104	126	117	110	108	115	109	103
161	173	204	250	309	368	377	416	370	415	374	355	346	323	302	271	256	241	241	209	176	188	165	137	131	123	140	145	135	110	111	117	97	122	128	124	114	126	107	133	118	126	123	117	117	101	95	106	126	104	121	135	119	138	124	119	112	113	111	120	125	105	123	152	125	119	110	112	113	134	133	111	108	99	104	111	134	98	111	133	130	108	112	124	94	114	117	107	122	126	120	101	119	123	131	91	97	114	105	105	116	119	128	114	111	111	116	124	118	115	126	125	119	127	101	98	95	124	104	124	127	124	120	117	101
140	172	211	230	314	392	476	525	523	449	454	421	407	359	358	269	273	263	217	210	197	183	142	172	138	122	124	136	124	127	127	135	117	124	117	117	128	103	108	134	114	98	127	125	115	138	121	129	109	135	118	123	120	122	132	105	132	127	132	119	124	129	120	115	125	107	123	136	112	122	122	118	116	107	90	108	126	105	106	133	98	110	108	118	109	124	130	135	126	111	105	118	122	109	133	97	105	117	107	122	128	110	120	136	120	112	103	123	119	119	113	130	121	124	107	115	113	127	120	109	125	119	128	115	115
154	174	201	271	298	415	550	627	609	583	473	466	432	376	335	302	259	237	212	191	195	153	147	147	148	134	124	151	149	118	138	113	119	113	132	135	135	106	106	127	125	136	119	132	112	133	115	114	106	121	115	122	112	112	136	124	116	105	105	133	120	120	132	137	103	118	105	120	114	111	126	137	121	103	140	107	125	129	102	95	128	117	120	126	121	126	111	104	122	106	125	125	119	135	118	114	133	123	127	127	129	112	109	122	118	137	128	105	141	105	97	127	122	115	115	111	133	105	120	120	106	122	99	137	114
148	184	204	268	352	443	556	633	790	697	649	577	488	399	354	332	292	237	196	187	160	159	148	136	156	148	134	157	128	123	118	127	148	124	138	131	134	126	142	136	112	111	132	119	133	143	132	126	136	149	132	129	120	134	137	123	112	129	135	130	128	132	123	143	126	100	112	127	104	132	113	126	125	127	139	121	123	128	128	115	142	119	125	130	129	121	117	129	121	132	136	119	134	126	114	125	130	116	110	112	128	96	141	112	131	124	120	106	127	123	123	121	139	141	130	127	123	118	129	125	110	116	131	126	122
158	201	181	217	299	391	572	690	833	818	710	623	462	389	390	295	258	198	223	182	166	165	156	161	156	123	142	141	130	128	122	124	130	142	131	125	135	114	130	133	119	129	124	145	147	133	145	148	133	134	138	116	114	110	142	112	133	117	124	136	147	149	132	120	137	112	128	143	132	122	124	138	130	129	128	127	149	128	122	128	110	120	113	105	126	126	115	137	119	137	133	119	125	125	129	132	122	112	138	125	122	120	119	128	136	130	117	116	128	134	122	115	134	121	152	141	111	137	113	114	123	150	146	122	121
164	186	206	235	300	331	522	655	763	837	783	677	551	392	354	308	250	235	215	205	175	183	158	135	127	126	129	149	124	153	146	131	139	139	144	151	113	133	136	123	143	148	155	118	139	117	130	121	136	131	145	127	94	130	119	123	131	116	125	137	150	127	142	119	130	123	121	110	124	108	136	113	109	135	128	137	121	106	135	129	134	129	122	136	151	124	115	117	144	105	122	130	151	131	137	141	152	116	147	127	126	120	128	126	141	130	135	127	122	144	132	123	136	117	138	117	120	129	119	138	123	124	133	135	125
175	194	208	218	237	316	470	633	763	843	855	712	544	417	322	292	264	217	190	166	159	183	155	168	142	126	144	115	131	135	129	132	133	148	134	154	141	147	136	135	119	136	150	127	138	140	132	136	146	143	127	122	131	115	141	128	125	112	140	137	127	117	122	121	121	128	132	119	134	156	123	135	130	115	142	125	131	128	114	115	130	112	136	118	139	126	99	109	150	118	119	131	123	129	116	133	129	112	124	126	142	142	129	136	121	130	156	136	113	124	132	139	130	135	126	123	127	119	122	141	143	139	135	126	121
203	174	196	235	273	330	430	626	776	829	881	696	596	440	332	283	236	230	182	186	154	167	156	144	147	157	139	138	119	131	152	122	141	137	123	135	137	141	128	137	146	124	123	126	129	131	113	139	136	149	118	128	138	153	138	148	125	116	128	137	118	118	126	125	148	112	131	131	124	128	141	158	135	135	127	122	138	104	123	142	142	133	120	119	156	123	140	136	113	130	125	113	121	134	119	120	133	137	145	137	133	129	124	134	111	146	140	121	122	135	123	139	130	132	119	137	137	114	130	131	121	133	130	129	121
207	203	173	260	281	321	415	541	674	767	729	656	548	447	361	296	235	226	180	189	156	135	128	146	121	126	136	125	154	135	123	139	136	130	136	142	134	128	132	134	145	129	145	152	131	109	129	134	101	119	156	120	122	131	129	145	105	122	129	129	127	134	135	120	146	115	130	126	122	121	131	133	119	118	134	141	133	133	111	116	133	123	133	114	129	115	130	149	131	124	125	125	113	116	125	114	134	146	129	120	131	140	106	117	118	102	134	145	119	126	99	116	141	131	112	127	130	124	120	139	125	115	126	117	113
257	248	228	265	296	320	437	467	600	666	723	624	514	415	345	241	199	223	169	184	166	149	140	128	142	130	157	135	137	131	111	152	110	119	134	147	148	126	122	129	123	148	107	126	143	145	126	137	125	142	135	111	116	126	133	137	130	132	137	124	127	124	131	142	154	119	125	122	117	138	109	109	120	119	132	111	120	132	124	134	135	133	123	126	127	119	132	130	112	122	130	113	113	124	104	123	114	121	137	134	120	123	133	129	124	132	113	112	135	114	121	103	128	131	122	131	129	138	126	135	113	124	120	94	105
267	284	290	335	367	366	450	481	600	640	557	565	460	367	273	234	194	182	184	149	140	137	151	150	134	121	111	124	133	128	130	129	137	129	128	117	121	118	139	99	123	118	136	129	138	137	163	138	122	114	124	139	128	132	121	103	146	118	110	113	126	133	119	134	119	131	149	126	126	126	122	132	111	116	114	119	145	122	118	137	131	128	130	117	105	129	124	122	142	124	126	107	142	114	115	141	127	115	129	132	103	128	124	114	109	106	145	128	132	163	132	113	117	124	139	123	113	132	136	143	124	112	125	121	124
297	316	383	465	490	531	517	533	545	604	568	505	378	330	293	233	188	168	133	140	160	165	141	141	132	128	136	130	129	117	142	122	121	130	128	115	123	139	147	141	136	133	111	124	135	140	129	121	115	134	140	118	164	140	130	109	120	137	146	114	120	128	125	122	132	122	117	122	145	134	141	146	115	157	133	104	120	130	126	117	103	151	137	149	140	130	120	130	132	120	122	117	127	116	144	115	145	137	138	106	139	111	124	120	121	137	114	124	134	114	119	129	136	144	131	105	111	125	119	147	140	113	142	138	119
300	377	481	596	694	701	606	621	506	536	513	451	378	312	275	237	189	168	148	155	137	134	113	125	118	122	132	119	130	127	139	120	128	141	142	124	148	139	135	143	131	124	133	144	126	142	133	154	131	140	134	126	130	115	125	145	139	145	147	124	131	126	124	139	135	136	147	134	121	122	119	123	146	126	119	124	120	129	131	131	130	113	124	132	150	109	144	117	117	124	125	105	143	131	126	131	131	134	148	130	110	126	117	130	130	118	136	125	126	135	140	136	140	151	124	138	126	139	139	129	115	127	115	137	130
287	366	575	779	896	841	788	640	593	552	465	404	362	305	274	204	176	166	156	151	150	144	146	158	139	142	143	130	139	127	133	131	123	122	142	139	126	145	122	132	153	159	136	123	148	143	141	127	140	131	117	127	140	141	138	157	151	129	138	161	151	155	134	106	140	125	155	122	139	138	131	141	122	130	132	129	139	144	155	114	148	132	129	132	131	129	132	121	136	135	104	134	141	128	134	137	132	134	127	147	132	117	131	140	139	135	134	131	138	135	121	135	120	134	125	138	144	150	118	130	125	136	130	110	140
295	383	670	888	1088	1074	916	808	650	561	442	393	324	259	220	203	161	159	160	161	138	160	132	141	120	119	144	149	129	151	119	129	162	128	142	140	142	148	157	133	124	146	134	150	140	153	144	137	138	126	124	159	125	140	140	131	135	152	119	141	142	111	135	117	142	146	122	146	127	129	145	116	119	123	132	136	141	136	116	131	151	142	150	147	116	129	119	145	132	138	155	139	131	112	130	152	127	146	146	134	145	144	140	117	136	134	130	141	148	141	143	139	134	125	125	139	149	136	136	134	140	139	128	139	125
259	355	608	929	1151	1330	1139	981	717	566	452	345	295	283	238	188	196	158	176	148	150	164	140	128	141	141	148	131	161	161	149	156	141	123	142	126	137	155	133	128	106	128	143	124	125	122	113	143	149	156	151	141	142	141	126	143	136	142	132	118	143	145	131	139	134	131	128	145	134	150	133	153	124	140	117	120	140	146	121	141	146	117	143	120	123	131	133	133	145	133	122	117	139	141	119	138	131	132	166	126	140	137	137	128	133	128	155	116	138	112	115	142	152	131	142	135	143	124	141	136	141	158	103	116	131
225	321	594	895	1177	1378	1300	1091	805	599	475	324	271	245	238	182	195	178	165	175	145	134	135	132	127	126	118	146	139	139	129	133	133	121	169	142	153	132	144	143	128	123	143	135	151	122	139	151	114	136	126	134	111	140	129	102	149	135	126	130	140	123	132	132	151	148	153	131	137	138	137	130	146	132	122	149	134	134	131	145	126	136	131	139	120	129	118	116	145	145	133	127	109	119	134	108	146	140	132	133	143	141	127	135	121	114	102	136	135	143	135	130	130	123	123	135	142	137	147	145	150	122	138	135	150
194	280	477	752	1098	1261	1283	1146	819	625	482	343	284	252	186	201	159	134	168	131	150	151	119	142	112	133	159	135	135	141	148	124	141	127	133	132	121	138	132	114	127	123	127	140	131	126	121	148	137	117	130	130	158	135	136	105	137	134	135	121	152	143	128	142	140	124	121	146	118	119	115	149	125	131	150	116	141	116	132	132	135	126	119	137	128	139	145	131	129	138	142	138	121	119	112	128	141	144	104	132	129	133	120	115	151	113	127	120	120	131	123	136	141	123	137	148	121	123	128	129	136	124	125	140	133
173	230	384	644	952	1201	1218	1123	840	582	423	313	266	211	196	198	186	138	158	149	125	140	126	133	137	137	122	134	127	138	117	124	143	118	130	121	120	120	136	139	126	141	143	110	129	139	140	124	140	143	113	132	135	140	142	139	120	116	120	136	149	116	128	123	146	110	148	124	103	139	130	104	121	154	130	142	141	145	110	144	126	124	126	126	130	125	120	142	132	117	130	117	123	129	117	141	120	126	142	133	112	133	133	128	141	133	112	122	139	123	124	130	112	128	133	146	109	139	137	113	109	118	126	119	128
154	207	332	474	727	991	1053	873	721	529	414	288	230	217	175	166	138	130	141	125	132	116	122	121	120	115	119	142	114	109	121	131	104	112	127	125	120	119	120	106	112	114	110	126	125	133	98	126	126	124	114	101	116	136	120	120	120	127	111	113	126	107	115	149	120	115	107	124	122	116	136	134	116	115	119	100	130	128	148	99	116	126	113	119	117	116	96	102	109	121	102	91	122	119	96	107	113	99	108	112	117	119	126	102	115	114	122	117	111	112	112	123	125	122	101	107	123	131	102	106	108	111	134	115	108
139	167	251	372	551	724	773	769	615	484	284	246	206	179	171	144	126	127	116	121	103	124	132	128	119	129	130	119	113	112	112	118	123	100	124	124	103	99	116	117	104	123	111	103	105	123	112	90	120	132	124	115	107	121	112	124	112	107	105	116	107	127	128	120	136	103	118	98	105	96	107	118	112	124	117	111	100	118	123	99	102	117	107	110	107	95	108	109	97	121	94	106	107	124	107	104	111	107	103	108	120	122	103	92	104	122	103	116	110	92	96	119	112	103	108	106	111	105	104	118	107	115	108	113	113
117	156	180	281	394	507	611	613	507	365	323	231	187	136	150	133	111	100	124	108	106	109	136	91	115	96	102	110	103	93	118	127	95	105	103	111	108	118	110	117	108	96	102	104	103	97	93	116	122	114	104	110	114	95	112	110	116	91	93	89	105	104	99	87	97	99	91	98	96	102	116	115	106	88	104	88	117	108	94	99	111	102	106	86	89	100	91	91	93	104	96	92	95	116	111	117	112	105	95	103	100	90	108	113	85	98	102	94	125	97	86	112	108	113	81	106	87	116	98	110	115	112	93	106	97
122	132	189	259	329	393	461	463	379	323	243	197	175	129	123	104	114	114	104	94	120	100	102	105	99	114	114	106	106	111	102	118	109	104	109	119	95	98	99	85	100	101	101	121	103	91	105	104	97	114	79	91	125	102	83	89	94	91	98	92	89	98	103	106	109	99	101	118	95	107	106	102	109	101	86	99	111	104	101	113	93	102	93	86	81	83	103	102	110	74	92	90	91	95	101	90	93	94	100	91	97	89	104	81	94	97	99	100	119	89	77	102	97	111	104	98	114	91	99	106	98	95	93	94	92
109	147	151	198	243	317	349	364	311	247	225	163	149	134	101	130	104	101	106	102	98	95	95	85	90	104	94	85	107	99	104	90	97	90	84	89	85	97	115	84	88	97	104	99	78	100	109	83	96	86	94	89	104	82	109	102	97	84	100	102	92	87	92	89	99	93	96	95	92	106	97	73	100	92	83	92	94	104	95	81	89	84	95	90	88	87	76	76	92	78	103	96	93	88	80	100	96	91	88	115	87	94	90	91	97	101	78	85	83	88	66	97	90	93	86	88	97	102	109	86	80	98	83	85	104
95	110	109	190	206	238	290	290	242	209	157	144	136	131	110	109	79	102	101	106	88	79	91	103	87	89	80	90	104	85	87	85	94	98	78	72	97	80	94	85	93	87	91	95	84	93	107	88	89	92	91	78	90	95	80	82	90	98	92	91	73	102	91	98	82	86	79	88	102	90	91	105	72	95	81	85	79	79	81	95	82	83	85	89	80	83	69	79	92	76	92	75	92	100	72	102	88	91	78	82	79	80	90	87	99	77	89	82	88	90	85	93	94	61	110	86	85	82	90	81	99	83	95	94	79
100	103	128	155	186	185	212	209	199	171	150	132	113	91	81	86	75	85	91	76	82	81	104	92	85	95	103	81	81	76	95	98	77	79	88	86	73	80	81	93	94	99	84	74	96	100	86	76	84	78	85	84	96	87	58	89	81	57	85	107	86	92	90	95	80	87	111	84	96	87	100	84	74	101	73	92	85	76	56	80	85	75	85	75	64	81	104	70	93	81	77	83	73	92	77	97	77	81	69	71	73	77	73	84	88	90	69	76	81	74	74	72	97	77	79	93	88	80	72	78	79	85	95	87	77
75	95	104	116	160	170	161	146	167	124	104	101	82	94	91	94	104	97	83	81	58	88	60	75	81	84	90	70	79	70	86	81	61	89	87	79	84	78	86	83	78	68	76	70	85	86	77	75	69	59	79	75	73	80	68	89	70	81	81	81	100	95	88	78	82	82	88	78	68	94	64	92	70	64	88	72	90	77	81	63	81	76	70	70	73	87	86	89	74	69	88	70	57	71	78	79	75	75	81	73	67	61	70	87	73	65	66	81	88	56	75	75	74	71	72	77	81	77	65	80	75	81	63	102	75
78	96	113	130	114	179	125	150	142	134	94	85	93	97	71	85	73	82	74	91	90	61	74	76	65	75	80	86	74	72	67	85	82	76	71	73	82	65	84	59	75	66	79	83	80	68	69	79	71	67	58	65	68	70	66	75	62	83	72	87	81	87	85	77	66	77	60	73	63	69	76	58	50	72	73	76	81	73	68	69	60	75	62	79	74	64	84	57	62	71	81	75	61	66	71	66	78	62	85	79	73	74	66	76	68	60	66	63	64	75	69	69	69	68	66	73	86	89	60	75	64	75	84	59	68
91	80	97	138	125	121	151	114	93	94	110	89	78	69	74	80	81	73	80	77	57	62	73	80	59	68	63	57	83	42	70	67	87	68	81	72	73	77	65	73	58	74	70	66	71	72	77	57	76	60	71	73	66	82	73	85	83	57	69	65	61	70	74	65	63	72	66	79	60	65	51	49	61	62	70	67	70	56	58	59	57	62	84	65	59	63	71	57	70	65	56	53	60	69	59	58	66	48	60	89	72	52	69	71	76	61	80	56	63	51	68	64	63	66	60	61	78	68	55	71	77	58	64	57	64
48	65	80	94	101	112	116	98	101	72	103	65	67	71	79	61	57	70	67	76	74	50	85	71	66	56	64	74	66	53	56	78	63	63	72	57	66	57	55	64	70	84	63	74	58	78	56	79	69	64	71	67	75	51	75	65	81	60	77	54	73	78	58	69	68	76	62	52	57	79	48	51	68	63	58	59	55	53	60	59	46	68	59	48	74	61	58	54	52	64	68	59	63	50	58	58	61	63	78	63	57	66	65	58	56	71	64	62	66	64	67	64	65	77	57	72	60	58	55	73	65	63	52	63	48
60	63	92	83	92	95	121	83	84	79	74	67	61	68	61	61	71	52	49	69	58	60	63	84	47	79	62	65	58	78	67	62	65	69	59	61	63	49	64	65	63	61	52	62	56	68	55	60	90	69	62	75	62	73	58	54	53	47	72	74	71	56	56	55	63	67	50	47	51	51	55	57	50	48	61	57	69	58	54	57	62	65	67	59	62	46	72	50	59	58	48	51	59	78	61	65	56	64	61	43	57	49	44	53	70	65	59	52	62	59	68	48	66	52	53	43	61	56	49	64	58	65	52	58	49
65	60	68	80	68	95	86	76	79	75	58	57	70	56	62	63	60	61	62	51	68	54	57	73	57	67	67	69	68	58	60	55	69	48	65	65	58	72	58	54	60	70	56	60	52	46	63	61	54	67	65	57	59	45	52	73	55	65	69	49	50	70	67	59	52	50	55	52	62	52	39	51	53	36	56	51	61	46	65	53	64	61	54	60	52	57	55	43	52	47	47	57	57	62	59	42	50	62	66	67	50	55	54	51	57	55	78	54	56	59	63	69	55	45	56	60	57	60	60	56	58	57	55	63	58
61	69	77	84	65	76	71	61	59	62	60	70	54	69	61	63	48	49	57	54	54	75	52	62	58	56	68	49	66	60	58	56	55	62	56	52	61	62	50	60	51	55	39	68	73	65	56	66	65	43	62	58	54	57	58	62	47	37	46	49	72	67	53	52	58	56	60	42	62	44	50	48	46	37	43	46	51	39	58	52	47	64	64	49	48	49	38	65	62	44	45	35	53	53	47	53	40	53	49	61	49	53	50	41	45	50	61	54	64	55	53	37	47	48	50	53	40	47	55	44	61	52	56	37	45
47	50	61	65	75	80	64	74	65	55	53	58	64	56	74	59	62	53	64	63	64	50	64	55	68	53	58	50	57	60	58	59	45	66	59	51	40	54	50	60	56	62	73	53	56	50	48	50	56	59	60	64	50	52	53	47	49	51	49	68	53	62	75	66	37	58	59	44	55	64	46	48	60	43	59	47	45	60	34	58	57	58	52	52	44	43	58	60	47	47	48	61	59	47	42	42	47	53	41	51	58	51	44	44	48	40	46	48	58	48	53	55	53	75	57	51	57	58	47	58	61	57	47	45	55
57	57	58	58	64	72	68	66	61	78	55	65	53	49	42	62	58	48	58	56	53	52	47	63	50	67	49	60	71	60	52	56	62	46	52	49	49	61	43	55	55	54	56	66	52	51	65	57	44	57	62	48	46	59	59	50	45	46	56	51	57	55	52	39	60	46	61	55	61	53	42	56	67	48	55	31	55	48	49	49	52	46	45	51	45	43	48	55	59	44	47	47	51	55	44	42	53	51	56	61	42	55	38	48	47	40	52	35	64	44	45	43	68	55	50	46	49	46	49	56	49	37	52	42	55
52	56	73	69	53	62	69	68	55	73	74	51	67	67	59	58	48	60	49	70	46	52	67	46	61	51	54	40	38	60	59	55	43	61	54	53	53	64	55	58	61	42	55	59	59	66	63	68	52	46	56	50	64	43	43	54	49	59	46	46	53	40	51	70	61	56	48	48	56	51	40	46	57	38	53	51	55	44	54	47	52	47	59	48	38	49	46	56	54	43	48	48	54	43	44	46	66	50	61	44	56	56	50	49	47	47	48	50	52	42	45	55	59	46	40	45	58	38	48	45	49	43	59	33	46
54	53	65	46	69	69	62	58	69	57	60	59	49	59	61	55	48	54	54	41	53	54	51	57	52	50	58	58	64	49	71	49	47	64	46	56	60	52	56	46	53	62	69	55	56	50	62	44	50	44	66	54	60	45	57	35	47	69	51	59	61	44	51	65	49	55	47	40	39	57	58	50	52	57	54	47	46	36	49	49	43	48	49	45	42	42	58	54	51	51	35	52	59	49	49	48	55	48	52	49	43	61	45	39	54	51	55	46	45	58	59	55	44	36	53	57	48	52	49	55	51	46	37	47	36
54	47	67	56	57	53	69	51	48	58	61	66	61	55	45	64	48	65	43	62	55	44	57	51	47	53	57	44	47	59	52	52	50	64	57	51	48	53	42	41	47	65	57	52	52	56	63	47	67	44	35	59	40	53	43	52	46	46	56	40	60	46	51	55	51	52	56	58	53	45	52	44	39	41	34	48	53	47	41	40	53	45	43	56	52	39	58	49	42	60	43	54	41	49	40	46	51	55	47	45	45	52	39	42	43	54	50	68	54	45	53	47	41	51	41	30	36	53	40	41	45	62	60	52	47
62	43	50	54	63	53	48	56	58	58	49	70	54	51	60	51	49	57	66	55	57	51	54	55	55	57	65	57	55	65	57	64	41	57	45	47	62	51	64	51	43	50	50	53	62	59	66	58	63	57	30	56	52	57	39	57	50	60	55	55	64	59	49	50	41	59	53	51	37	41	43	64	50	47	51	36	32	46	45	43	44	32	53	40	52	55	65	56	45	43	55	47	50	44	36	45	39	54	56	58	48	47	48	55	42	37	48	59	49	39	43	44	65	41	45	48	49	48	53	45	49	50	45	49	42
54	62	57	59	54	61	39	51	49	52	66	63	61	51	60	52	59	54	47	63	53	64	60	53	50	65	53	58	54	49	43	58	57	43	60	50	42	52	47	57	53	51	49	53	43	38	63	56	52	49	48	51	54	55	52	59	49	48	64	57	67	45	56	69	55	60	50	52	48	37	52	44	47	42	45	43	34	45	55	51	36	39	45	41	43	47	45	38	49	33	40	56	45	47	53	37	48	45	47	66	44	56	50	40	46	53	43	44	51	48	63	51	52	42	49	40	52	54	36	58	53	48	38	27	51
67	49	57	76	50	49	52	65	51	57	45	56	61	57	38	57	55	42	53	48	55	47	47	58	57	65	57	60	47	57	55	60	54	59	48	33	51	61	57	65	40	51	52	44	58	42	49	58	45	57	32	60	47	66	60	50	62	47	54	48	44	55	48	63	66	49	52	45	44	44	38	33	52	43	63	43	53	32	59	46	46	33	41	51	49	35	43	63	35	55	38	40	42	38	41	54	43	40	46	50	58	42	57	46	48	55	50	42	43	48	37	48	61	42	50	57	47	49	47	49	41	55	55	34	35
52	54	60	50	45	52	43	40	50	54	56	54	60	47	52	63	53	61	52	53	56	58	59	49	46	50	61	46	44	48	51	49	62	49	44	49	42	44	50	48	61	60	42	63	59	62	55	45	59	48	54	51	46	50	44	61	41	50	54	62	50	58	51	42	73	52	44	42	41	35	46	43	51	46	48	41	48	47	42	57	48	42	52	44	53	50	41	35	50	45	55	48	53	43	39	50	54	44	45	49	46	45	45	60	60	47	50	49	47	41	48	47	42	48	50	43	39	35	56	48	44	46	53	49	39
48	65	66	43	58	49	50	56	54	48	56	37	43	52	60	73	48	57	53	60	50	49	55	44	55	51	46	59	61	49	41	68	64	40	49	60	58	43	51	61	66	46	64	49	56	68	39	61	50	46	53	49	47	59	51	71	51	56	67	46	59	52	50	63	54	66	69	50	44	44	49	43	37	52	46	39	53	54	44	35	47	52	37	43	46	43	31	50	35	35	47	47	41	41	39	55	55	44	53	40	49	52	43	48	39	40	49	45	42	47	49	37	41	43	40	55	39	45	43	48	55	43	44	40	38
60	45	44	53	46	51	53	36	61	47	54	49	42	56	44	48	53	45	47	54	53	55	61	47	52	51	41	59	57	42	65	57	55	67	44	49	60	60	44	51	55	69	52	49	52	50	50	53	40	60	56	46	52	45	53	47	46	55	57	71	47	53	51	56	51	49	62	41	40	42	37	37	42	40	32	35	58	40	49	48	46	38	36	41	45	41	42	52	44	50	43	48	36	42	38	47	49	46	38	49	43	36	39	50	53	59	55	50	52	46	49	44	33	47	27	42	41	36	50	48	37	47	39	40	52
41	41	47	59	61	48	66	46	64	42	41	68	47	40	42	65	57	52	49	51	42	60	54	51	51	49	54	43	51	46	50	47	54	66	50	54	50	49	36	51	54	48	49	59	47	59	63	50	66	54	68	45	56	53	41	49	49	42	52	51	45	42	39	48	40	54	50	62	55	46	53	41	39	38	47	39	40	39	45	44	45	42	47	50	40	45	39	52	44	52	50	49	38	50	41	47	44	49	42	43	37	40	49	43	47	47	43	50	50	41	34	50	47	56	39	47	47	43	59	34	49	41	44	35	32
53	50	44	47	55	59	55	37	57	63	54	39	54	54	33	54	47	65	59	54	45	46	48	42	46	54	51	63	51	51	50	53	53	41	52	57	39	52	45	40	54	51	49	43	52	49	52	52	43	59	55	48	57	53	34	67	37	57	56	54	45	53	37	50	56	54	39	45	53	53	37	50	44	41	33	55	38	36	47	49	53	52	41	30	34	63	39	29	45	35	41	38	37	46	35	39	38	47	46	41	40	34	45	35	56	53	46	38	41	38	52	39	46	38	37	51	54	57	42	50	44	48	34	45	33
47	47	39	48	45	49	53	53	38	37	59	50	52	52	53	44	36	46	55	54	61	56	49	49	54	45	50	48	53	64	42	48	47	56	47	59	56	53	38	49	48	41	59	47	54	52	53	51	40	50	41	57	47	56	44	54	41	55	48	53	58	34	44	59	43	39	50	37	50	43	57	34	44	34	41	41	55	34	44	42	31	42	42	48	35	45	50	26	42	36	39	50	34	42	31	37	45	41	36	40	49	55	51	47	48	41	56	44	60	55	44	40	36	43	28	39	49	42	44	36	43	45	38	34	32
37	42	45	53	49	46	49	56	55	54	57	54	41	54	50	48	40	46	42	53	46	51	42	39	43	51	45	62	49	46	51	35	65	43	40	57	50	44	51	49	62	36	42	44	38	42	48	40	42	41	52	58	43	50	47	43	55	33	36	49	59	42	45	46	48	48	52	32	51	35	34	41	50	37	45	37	41	41	39	37	42	28	42	48	38	31	27	48	36	43	54	51	32	39	43	33	42	45	32	43	56	29	45	46	47	32	44	29	54	41	31	59	47	36	36	38	37	36	46	43	43	38	35	52	45
55	49	51	43	45	46	44	52	49	43	56	43	48	46	45	39	34	49	47	46	49	44	51	36	46	33	46	34	38	52	43	53	45	49	36	36	39	45	33	34	43	40	47	40	43	42	43	54	46	53	31	44	43	41	50	53	40	40	48	51	40	34	40	53	43	44	45	46	45	38	51	40	31	33	47	38	47	55	54	33	40	36	42	32	39	43	30	45	40	44	47	31	42	45	49	45	50	49	47	42	43	42	45	39	53	42	46	42	45	31	48	39	41	46	38	31	41	36	27	34	34	41	51	38	30
51	50	43	35	37	53	33	52	46	40	45	47	44	44	45	37	40	51	31	52	42	39	38	44	40	47	23	48	42	44	51	45	47	44	51	40	34	46	35	44	40	32	37	57	43	53	36	43	45	48	40	42	35	32	34	48	40	41	42	41	40	44	46	42	36	46	46	34	46	48	45	47	32	44	44	41	42	34	49	33	37	33	39	36	47	33	45	48	36	38	43	39	39	43	25	44	39	40	37	36	47	46	43	37	47	45	46	36	40	32	40	40	48	43	42	49	37	34	40	52	46	29	39	37	35
37	32	32	22	32	39	42	44	30	40	34	38	20	39	38	44	41	32	37	58	49	34	44	37	52	31	31	40	42	36	37	43	42	49	41	35	40	36	28	57	54	44	45	44	48	50	48	30	32	45	36	33	39	34	39	40	46	52	30	43	31	32	39	43	34	32	51	47	32	40	34	26	42	48	44	45	42	29	36	42	36	49	40	33	43	39	40	32	35	38	48	32	40	36	43	48	41	40	31	32	44	44	49	41	34	33	46	29	44	29	34	34	42	41	34	36	40	56	28	36	39	41	38	40	29
38	60	34	38	37	37	43	47	45	31	40	38	28	28	40	31	34	48	33	42	45	46	36	44	56	47	37	33	34	35	36	38	40	37	39	25	41	28	36	29	38	42	42	31	39	32	45	39	35	33	44	40	30	50	46	39	42	36	28	36	39	29	27	41	39	50	54	27	34	35	35	38	27	31	44	36	33	36	30	28	25	37	29	27	33	40	35	41	37	42	31	34	42	40	36	44	41	42	44	48	36	35	46	38	48	27	43	38	41	31	42	30	25	37	35	35	41	38	38	37	29	35	35	49	29
46	25	43	41	35	38	38	42	38	18	34	34	30	33	60	30	35	36	35	31	36	41	40	41	39	34	27	33	38	28	41	37	54	37	35	34	21	42	38	39	33	44	40	23	39	26	37	49	33	31	31	35	34	45	35	32	33	40	36	38	39	38	40	31	30	37	31	34	35	26	31	41	43	45	38	36	32	37	27	29	41	33	26	31	37	45	38	33	33	34	44	32	34	38	39	39	44	38	45	36	30	29	43	37	42	50	37	37	37	49	36	31	35	29	37	32	46	34	37	47	33	36	27	34	33
35	40	25	34	32	37	32	31	40	34	41	38	40	33	36	33	37	38	46	44	27	32	34	38	32	40	34	36	35	37	36	32	34	39	29	39	40	24	38	29	29	29	40	40	33	41	35	31	28	30	42	42	40	32	37	30	34	41	40	27	38	42	28	38	45	40	36	19	38	39	34	39	30	31	38	32	30	27	20	28	40	37	38	27	41	43	42	39	35	30	31	39	39	35	48	58	33	48	37	38	52	39	47	45	31	37	35	45	40	39	42	38	40	36	35	39	36	34	32	43	35	33	33	36	34
27	33	43	35	29	31	45	31	40	37	33	28	31	29	36	38	37	43	34	24	30	35	31	39	33	35	43	38	27	41	38	36	28	26	32	17	40	34	36	40	34	38	40	26	30	32	37	32	29	40	19	42	34	30	29	31	34	40	38	37	36	47	33	33	40	39	30	29	30	32	32	28	32	39	35	38	29	41	39	46	33	40	48	33	41	28	35	32	36	36	30	35	40	49	26	27	48	40	43	49	43	28	38	51	28	33	37	36	26	33	36	45	29	34	29	41	35	30	38	26	40	38	29	28	39
28	31	36	38	40	23	37	31	35	42	31	32	37	37	36	36	38	39	29	28	31	44	36	31	38	36	26	38	34	26	22	45	33	40	38	48	29	33	32	25	36	33	40	42	37	32	40	24	37	30	25	32	33	23	33	38	29	35	33	22	30	32	27	35	42	31	39	28	26	31	34	34	44	36	35	41	29	33	27	36	27	38	43	39	32	30	40	35	27	35	34	38	40	40	28	42	44	41	31	47	32	34	41	43	30	31	30	35	31	31	40	42	36	32	32	29	31	34	41	37	33	35	31	38	24
42	27	41	40	31	35	38	37	40	30	34	35	26	28	37	32	38	23	38	34	33	23	30	39	35	27	33	28	41	29	26	32	32	35	38	38	32	48	38	25	37	40	38	33	44	25	37	31	48	35	28	32	27	38	30	20	31	29	46	46	38	26	31	30	25	38	29	30	21	32	39	29	34	48	31	38	31	35	42	35	41	41	33	38	32	34	48	23	32	40	31	39	33	36	31	32	45	40	29	42	31	37	39	35	25	28	37	39	23	23	29	48	29	43	38	32	34	36	38	36	42	42	31	41	29
36	30	34	30	38	32	33	19	33	53	32	24	27	31	29	32	35	38	41	32	37	33	29	34	40	40	41	36	37	41	25	44	36	36	34	27	30	39	36	30	31	40	34	33	43	44	28	35	41	46	36	27	30	37	28	32	34	34	35	31	31	33	35	29	33	31	36	35	35	35	30	37	35	23	35	27	24	29	27	30	30	36	40	36	34	31	33	39	34	33	29	49	29	33	38	50	31	34	41	30	41	45	34	37	40	30	33	32	37	29	28	46	33	32	32	34	40	43	24	34	32	35	35	36	36
37	25	44	24	36	44	42	41	32	30	27	35	25	41	31	38	36	30	30	34	50	32	32	29	42	34	31	39	35	38	21	36	43	32	34	29	28	28	35	38	36	34	25	23	28	25	28	31	31	32	42	33	35	43	38	37	38	37	39	25	36	38	28	33	37	35	31	38	35	22	40	37	44	32	42	40	33	27	18	36	24	28	40	32	48	45	40	32	24	41	23	31	37	47	36	29	42	36	36	36	26	33	30	42	36	35	43	40	34	27	55	33	23	31	35	29	30	26	38	33	34	26	32	32	23
37	33	36	33	41	24	26	27	32	31	35	34	42	31	28	42	29	37	23	32	27	33	37	30	41	34	32	36	27	29	33	36	34	26	33	27	41	37	33	36	37	23	37	36	32	33	35	42	37	43	32	39	32	35	30	27	31	29	28	35	41	46	24	20	34	35	31	27	31	41	29	29	45	38	47	21	36	37	37	35	31	43	36	35	24	32	39	36	30	38	42	26	26	48	41	41	27	37	39	42	52	38	37	31	38	40	38	37	35	37	29	37	34	32	30	30	33	34	31	33	37	42	35	31	35
36	41	32	30	31	31	33	42	25	32	29	28	34	28	28	39	45	29	30	35	40	24	44	40	31	38	28	26	34	21	32	41	32	35	34	33	28	36	38	26	42	38	42	37	31	36	37	32	29	26	30	21	25	31	29	33	33	23	25	36	29	36	31	30	31	45	35	41	38	41	22	32	39	26	46	39	26	27	35	26	36	42	32	41	37	34	36	46	36	44	42	43	38	42	41	40	45	37	37	35	26	37	41	37	31	31	35	31	26	35	33	29	50	39	39	30	40	28	38	29	34	35	39	33	27
44	39	37	29	31	27	31	43	40	35	32	29	32	33	37	30	36	38	37	41	32	28	35	32	38	32	39	35	44	31	34	33	39	22	32	32	33	31	39	32	40	37	39	32	37	35	33	52	27	38	33	30	22	33	27	25	26	27	33	37	37	26	42	35	33	27	40	39	31	33	40	32	33	28	38	36	31	33	31	28	25	32	25	38	43	50	29	38	41	31	40	31	49	39	44	46	38	40	31	22	40	38	43	32	32	30	36	27	29	34	40	37	35	23	34	26	34	43	35	36	24	33	35	29	34
25	23	41	33	32	32	41	32	21	28	34	37	36	24	40	35	29	42	27	34	26	32	34	33	33	28	42	35	31	25	33	34	45	31	38	36	32	30	37	22	29	28	37	36	33	27	40	44	31	29	27	35	23	42	38	40	30	53	28	27	30	36	29	33	33	29	33	34	36	32	40	36	27	30	41	23	39	30	30	35	38	34	35	46	25	45	38	32	39	32	40	31	32	48	40	27	48	30	37	44	31	25	40	23	32	34	31	30	35	34	32	36	41	21	21	26	30	40	40	31	25	39	45	30	33
39	38	26	38	41	41	30	39	35	36	35	33	37	34	32	42	29	24	21	48	35	22	33	37	30	40	26	30	34	29	38	47	32	34	26	35	39	28	36	46	34	22	34	28	36	35	24	26	26	43	37	40	39	37	32	40	33	27	40	39	30	41	39	41	33	26	38	42	36	42	36	35	28	44	28	32	34	44	32	31	37	35	38	31	45	29	48	52	37	53	38	41	36	37	39	39	34	34	35	35	40	29	38	33	45	29	35	40	32	38	34	38	30	28	38	32	33	44	33	41	30	33	30	40	29
31	35	36	33	31	32	29	34	33	37	37	34	34	23	34	34	49	29	30	36	42	25	37	34	36	23	30	35	31	31	29	44	32	35	36	36	28	34	44	33	29	35	27	30	31	28	33	35	26	29	34	30	31	29	39	43	38	31	33	30	33	40	42	33	33	29	23	31	31	39	46	35	36	35	25	32	31	31	28	43	44	36	31	26	36	39	41	26	31	42	38	46	25	44	38	36	51	27	42	38	32	35	25	29	36	40	27	31	31	30	30	39	33	39	34	32	34	45	33	44	29	35	47	31	22
31	29	37	43	28	39	35	43	31	42	31	29	39	32	48	29	31	27	35	28	40	37	25	41	36	43	38	38	39	39	43	34	32	22	33	33	30	26	32	41	32	29	34	26	33	49	41	33	33	32	31	36	34	28	34	44	38	30	30	42	31	36	35	36	25	37	29	40	32	36	28	40	38	38	38	27	40	37	38	24	39	42	38	30	31	34	33	43	35	41	30	48	42	58	37	39	32	33	40	40	34	36	50	34	35	31	34	31	31	34	28	40	41	36	29	40	35	18	28	36	33	31	43	31	34
29	34	29	42	45	37	42	30	25	31	34	52	29	29	34	41	23	35	37	23	41	28	35	28	31	30	31	35	32	37	34	34	38	20	32	42	32	29	30	23	40	45	29	37	31	36	41	41	33	41	36	42	36	39	34	41	33	39	45	31	40	43	34	29	35	41	38	34	28	39	36	33	30	25	29	36	38	34	32	32	44	44	41	34	39	38	50	35	38	36	44	46	32	41	38	35	36	40	33	50	30	36	47	35	27	38	36	37	34	39	36	34	31	29	45	31	40	29	39	31	33	42	43	36	30
41	34	37	47	33	28	35	48	43	35	34	40	38	24	35	39	32	31	37	34	53	36	43	36	42	31	43	39	38	34	33	54	43	39	39	40	29	30	34	38	26	24	33	33	36	29	31	29	37	28	32	41	26	26	36	34	30	38	38	34	27	30	36	35	22	32	35	40	52	35	36	44	45	32	38	24	35	37	36	44	37	50	45	37	44	45	38	41	35	45	48	39	48	44	47	45	43	40	38	35	30	27	39	27	29	36	27	30	28	40	36	34	34	40	33	40	32	34	39	43	45	40	30	27	28
40	32	40	33	27	43	32	36	48	34	31	36	33	36	30	30	33	36	33	28	48	25	41	39	36	37	33	43	40	41	42	29	42	30	23	39	35	49	34	42	40	33	33	55	45	33	42	28	38	40	30	32	35	31	27	44	48	32	36	35	38	38	26	30	30	38	25	33	42	41	43	40	39	41	41	43	35	43	42	42	44	42	51	48	43	54	42	53	38	36	50	37	42	44	57	40	35	42	44	39	42	29	38	40	42	46	33	39	42	50	37	32	41	47	40	21	38	32	28	43	43	44	34	34	31
36	37	37	32	27	32	35	32	34	38	37	32	31	46	38	42	38	26	38	44	35	31	46	19	39	39	34	49	31	38	34	27	34	33	47	43	35	40	30	48	44	33	33	42	36	37	35	47	27	38	30	35	41	27	36	32	34	58	37	33	32	45	37	33	34	32	38	45	34	36	45	44	47	39	39	48	30	50	34	52	46	43	35	49	50	52	37	43	48	49	44	47	56	44	44	49	33	27	32	32	49	44	30	34	27	36	36	33	44	45	33	41	39	40	48	34	31	42	36	47	30	44	28	34	31
45	25	25	33	41	39	40	42	38	40	33	54	43	27	30	38	47	31	40	32	47	30	45	43	28	40	39	31	26	35	33	43	37	32	35	52	38	37	38	38	44	26	40	28	39	33	48	29	32	38	27	43	31	34	39	34	24	40	48	43	43	40	44	35	31	33	35	30	30	38	39	41	33	30	42	49	33	36	45	50	47	38	40	46	44	36	46	50	41	43	43	42	48	46	35	38	44	45	32	37	34	31	28	39	42	36	30	21	44	20	41	36	38	46	38	42	20	41	26	31	39	34	31	40	37
38	36	39	35	29	49	40	40	41	46	38	43	32	33	42	45	36	26	26	38	30	38	40	36	32	39	39	27	36	38	47	45	41	37	44	30	28	47	38	41	36	34	28	41	27	39	40	29	33	35	31	44	40	44	37	31	37	41	33	32	41	33	39	35	42	44	43	36	36	32	31	26	35	35	48	44	53	51	42	44	61	55	55	45	43	55	42	41	48	53	58	29	39	44	43	34	39	37	49	37	29	46	30	43	38	38	30	31	31	35	45	41	36	45	41	40	34	32	31	29	34	48	37	24	36
31	46	46	38	32	37	39	46	32	39	42	30	48	48	33	32	33	45	30	25	43	30	43	43	35	39	38	50	37	43	38	30	46	35	37	38	41	45	44	38	45	36	33	36	36	39	32	28	29	46	50	38	33	41	36	36	33	43	40	33	35	39	33	43	40	34	40	40	34	39	31	38	51	31	31	38	41	54	60	53	58	68	50	58	50	50	49	48	46	50	53	41	41	38	28	36	40	27	38	41	42	37	37	37	31	40	34	20	56	39	27	34	27	38	35	42	35	41	43	40	31	28	47	44	23
40	28	34	43	41	38	33	42	41	29	25	36	39	38	33	40	25	44	39	35	43	39	35	38	36	34	34	44	27	37	32	38	55	40	41	37	39	46	39	39	45	33	40	26	50	46	26	44	30	36	56	33	42	34	40	35	49	41	33	41	41	38	38	38	41	49	48	40	42	30	30	42	37	44	41	40	41	55	66	70	68	62	58	57	47	65	38	68	49	51	37	43	42	34	43	41	53	24	51	37	40	40	42	60	37	50	41	44	44	31	49	35	36	42	49	37	24	51	45	33	33	32	41	44	39
36	42	23	43	41	38	53	36	46	31	41	38	32	38	31	40	35	39	44	43	41	43	44	39	36	42	36	28	47	47	48	40	38	36	33	32	27	40	29	34	35	42	34	38	47	34	42	35	36	39	37	42	42	33	36	45	43	41	40	44	38	40	38	38	42	41	41	39	32	43	36	33	46	32	40	48	63	55	83	69	71	66	66	69	59	66	61	51	48	41	52	52	40	38	48	47	38	52	50	32	31	35	34	41	37	53	30	39	40	42	35	33	44	39	39	42	36	47	37	31	29	34	37	49	26
41	43	48	45	38	37	43	35	43	43	32	34	45	49	29	33	52	48	34	49	26	50	32	33	38	41	37	34	41	37	48	43	42	57	32	47	44	41	31	40	36	41	39	44	33	35	49	39	32	37	39	39	40	35	26	45	43	40	50	47	42	38	34	39	53	41	38	45	49	48	48	45	47	42	34	39	48	69	69	84	82	78	75	62	70	56	52	61	63	36	54	39	42	49	38	62	40	43	48	47	37	45	34	41	43	39	42	33	42	36	37	31	43	37	39	41	40	42	50	39	57	43	53	40	41
36	48	43	42	38	49	38	37	41	32	36	48	29	45	53	52	31	44	49	35	39	49	50	40	43	30	45	43	30	39	49	36	44	48	42	46	36	46	54	36	42	46	37	30	39	47	29	42	41	38	38	41	40	49	36	53	40	35	46	37	46	38	39	35	40	46	42	34	40	46	34	39	40	54	33	45	42	38	56	97	91	70	81	68	67	58	64	57	62	54	46	44	50	50	40	51	44	46	39	39	48	47	32	39	37	39	59	42	34	42	51	46	30	39	50	46	53	44	54	51	52	42	45	45	37
46	38	48	49	32	47	37	48	39	52	37	49	55	37	40	36	39	43	36	35	45	45	35	36	35	34	47	45	56	33	41	41	47	34	40	41	36	32	50	42	49	43	41	50	33	41	52	39	45	45	50	33	42	29	45	46	43	25	39	48	42	56	50	45	47	43	38	40	46	45	50	61	37	45	49	53	46	61	51	76	77	89	99	70	88	70	60	43	46	43	40	47	58	47	49	57	40	44	41	64	42	50	51	45	50	37	39	40	42	36	51	36	43	39	47	38	42	29	42	39	41	38	37	50	40
30	46	42	48	36	40	44	51	43	44	36	43	45	47	47	46	47	41	44	39	50	37	43	47	46	38	44	48	54	40	42	42	48	43	46	45	55	50	40	51	50	35	46	51	30	47	37	45	48	45	54	45	49	57	35	35	55	32	41	45	42	30	34	50	43	46	49	46	46	30	52	34	36	44	38	41	48	63	63	72	90	86	91	82	80	60	65	62	43	34	54	49	51	49	54	34	41	43	35	49	43	48	43	41	51	40	37	45	37	44	35	44	55	49	45	29	53	53	60	42	46	39	37	49	32
43	36	56	52	44	58	52	31	41	43	48	38	37	46	39	37	53	38	45	43	49	41	37	53	47	43	41	43	52	34	43	38	57	37	42	46	36	52	42	49	47	39	41	40	36	37	36	42	42	39	49	41	39	50	42	51	46	45	46	49	46	63	37	38	40	47	27	46	43	37	50	53	45	52	48	53	53	56	62	72	85	87	105	88	53	82	47	56	58	61	52	44	50	57	47	67	40	51	35	44	49	39	42	49	52	44	45	37	40	42	46	37	40	56	51	51	34	40	41	36	43	39	52	39	37
53	52	43	38	62	59	45	49	45	43	57	44	51	63	44	40	46	41	41	46	50	52	36	48	37	31	41	49	48	45	46	51	42	45	51	50	45	41	40	41	58	43	50	52	53	48	36	46	41	57	28	36	39	46	46	41	54	50	52	46	45	55	46	41	48	44	35	48	51	56	42	47	51	44	53	52	51	58	55	77	79	104	104	75	83	63	64	39	57	45	45	49	50	42	47	55	35	38	49	48	46	51	50	46	49	43	49	43	46	52	51	50	45	36	49	39	48	43	50	35	48	43	46	42	55
47	39	43	44	40	49	42	45	40	62	55	49	49	38	38	41	47	43	52	42	51	52	48	59	46	40	46	38	53	40	38	43	45	40	39	39	39	53	35	41	46	49	53	48	51	49	47	45	50	46	55	49	53	44	51	39	43	46	44	41	46	39	44	46	46	50	46	51	30	49	29	58	40	64	55	58	45	63	58	69	74	82	85	87	78	71	59	69	42	36	50	51	64	46	37	45	43	48	49	47	43	51	51	43	51	42	53	44	49	48	49	46	42	41	53	52	55	44	32	35	51	51	53	58	47
34	46	45	41	52	49	54	53	53	29	53	40	52	50	56	43	42	49	43	49	44	48	56	44	51	58	38	39	52	61	49	45	47	43	48	43	43	39	54	47	35	59	55	44	44	43	56	49	43	49	56	61	42	48	46	56	41	44	40	41	35	41	40	59	43	55	50	55	50	47	47	55	46	54	50	55	76	59	59	69	65	84	73	76	65	71	47	38	47	60	44	44	50	44	49	48	50	41	53	45	40	43	40	63	43	58	41	50	59	57	52	37	48	39	39	46	42	52	37	49	52	54	45	52	42
53	38	53	39	53	46	48	56	43	53	37	49	53	62	53	49	37	50	57	47	45	48	51	52	54	48	59	46	60	52	35	46	36	52	64	38	56	46	50	41	45	44	50	64	37	49	51	46	58	32	51	50	49	50	47	55	33	47	46	63	46	43	49	53	49	45	46	37	43	48	40	65	62	65	64	73	68	62	62	76	70	82	72	79	72	64	60	51	45	52	57	42	42	43	51	40	41	49	42	49	48	47	42	56	52	42	46	44	49	59	65	35	53	44	43	44	58	47	40	59	47	51	52	52	63
61	47	54	56	50	53	56	44	40	52	55	48	60	51	61	49	59	56	50	51	43	53	42	42	40	63	45	50	59	43	59	50	48	52	46	52	44	51	50	56	50	43	41	46	56	60	60	46	34	47	53	46	43	43	45	52	62	52	47	49	66	47	47	54	45	54	61	54	46	41	67	47	47	66	77	76	86	82	92	82	90	73	92	69	68	56	68	53	53	52	45	47	56	50	36	55	50	56	61	45	52	47	43	48	48	39	44	44	50	51	39	43	44	49	44	47	62	49	55	60	57	54	43	44	43
45	57	69	64	51	38	55	50	56	63	55	54	52	56	44	40	46	45	49	62	57	46	50	43	56	52	60	71	41	48	67	58	47	57	46	53	69	57	51	58	48	56	54	41	54	59	48	44	57	49	60	57	51	38	49	57	54	61	49	41	57	57	41	57	58	62	54	57	54	37	57	62	52	74	95	98	105	107	106	91	88	89	76	82	80	55	47	53	62	64	54	51	56	60	52	46	49	55	53	54	56	57	51	53	41	48	61	51	53	54	55	52	62	55	42	44	49	65	46	56	58	46	49	40	40
48	53	55	49	45	49	60	60	61	57	59	76	52	52	55	62	49	43	44	54	51	61	60	62	51	63	34	44	41	66	44	47	54	51	51	52	43	58	59	49	55	55	44	56	59	47	51	71	46	56	50	54	61	33	53	50	44	52	55	69	44	45	49	30	58	40	46	41	56	55	46	65	69	65	85	115	106	117	114	104	88	71	72	78	71	56	62	64	52	45	50	48	62	54	56	47	54	41	44	64	61	57	56	57	52	52	61	62	45	56	66	55	48	48	55	46	47	45	62	52	38	59	63	51	49
49	48	68	61	58	64	47	58	54	51	64	49	52	52	56	45	62	49	56	50	47	57	72	46	47	54	46	65	47	55	52	51	55	64	44	54	55	52	56	61	53	54	54	48	57	56	62	56	49	59	58	60	69	50	57	46	57	52	57	65	50	53	56	62	48	49	63	59	57	51	55	46	64	68	85	108	126	138	128	97	93	84	84	75	82	71	59	60	48	62	57	57	59	56	58	64	54	54	63	46	52	52	59	68	71	60	52	64	54	50	61	56	52	58	57	75	51	54	57	55	54	65	55	50	48
50	48	53	64	47	55	47	63	65	59	54	63	62	72	67	49	63	61	65	76	68	60	70	43	60	67	55	67	60	61	49	51	59	58	52	37	49	51	64	54	56	56	51	62	64	52	58	52	75	54	63	64	47	50	51	49	52	57	61	51	67	58	48	56	53	61	58	41	60	50	59	49	73	64	87	100	128	147	134	133	103	95	80	86	72	57	65	62	58	60	50	61	46	58	53	58	56	60	59	48	72	54	68	63	51	66	53	68	45	57	59	55	65	55	63	54	53	47	67	59	59	68	61	50	56
62	66	56	56	60	42	58	51	44	64	64	58	62	56	51	50	58	42	52	54	63	56	60	61	69	58	60	56	52	49	62	58	57	65	63	62	72	58	61	64	69	62	71	75	61	58	59	65	48	55	51	49	79	45	56	42	53	62	61	53	62	55	76	65	51	66	52	54	55	59	59	52	51	77	79	102	118	134	135	135	95	98	96	75	56	62	76	67	73	61	66	55	65	50	54	48	45	56	75	62	54	54	60	60	67	63	60	49	46	78	53	49	58	58	58	64	61	66	49	42	55	70	55	63	45
53	52	61	67	64	63	61	68	66	61	65	73	56	47	51	58	52	64	50	73	60	58	54	73	53	72	62	67	66	55	55	61	51	57	53	70	79	58	51	66	68	70	65	65	59	61	49	83	55	71	49	62	61	52	60	54	49	67	65	75	69	67	61	59	45	66	55	61	48	75	67	58	60	60	77	100	120	117	125	122	119	93	98	75	66	75	72	73	66	62	59	61	80	68	68	65	54	70	72	64	52	70	64	51	53	61	38	58	60	60	68	63	65	72	60	58	64	53	64	49	49	72	43	60	58
67	72	67	69	70	53	68	62	80	53	66	69	73	52	63	54	53	49	71	58	57	67	48	54	57	45	64	51	54	64	55	58	61	63	71	68	60	60	64	59	68	69	66	74	49	69	63	73	62	67	74	68	75	66	58	71	85	52	68	70	62	58	61	64	51	64	60	67	64	47	60	83	76	65	78	84	104	124	125	127	123	110	73	69	74	70	63	61	73	65	47	71	60	53	73	55	61	57	66	71	60	54	60	42	67	52	62	58	65	55	58	68	67	61	51	47	68	69	65	40	67	62	62	47	56
62	57	63	73	73	56	54	64	52	65	63	47	60	73	65	72	60	65	54	71	71	59	76	67	55	74	64	73	57	67	59	58	57	62	61	60	69	54	70	45	62	76	55	69	58	56	84	66	66	72	69	67	68	69	58	71	67	74	72	74	65	54	73	65	66	66	64	66	57	59	51	68	75	61	66	67	98	113	105	109	114	114	84	75	70	77	70	66	56	58	66	45	68	61	75	61	68	58	69	71	56	78	57	63	69	78	71	66	69	63	64	68	59	59	68	57	60	63	73	57	63	68	68	70	64
77	61	75	67	71	61	55	71	50	70	71	75	72	53	63	57	63	68	63	62	58	83	77	69	67	60	60	73	70	68	72	72	64	68	54	61	63	64	67	73	70	70	63	76	53	78	55	76	67	63	72	60	68	79	59	65	62	64	56	73	88	60	79	65	45	62	74	52	72	72	63	66	73	73	71	61	84	93	103	91	93	90	85	69	86	94	70	63	63	65	81	49	66	71	64	69	50	76	60	77	53	62	71	65	69	71	54	62	72	70	69	60	82	59	70	74	73	63	69	76	59	57	80	68	69
75	58	68	80	59	67	62	75	58	71	61	76	74	82	57	81	63	52	62	62	67	73	94	79	54	63	69	81	68	57	76	67	65	66	68	58	78	58	65	72	78	69	58	74	65	72	57	59	72	72	73	60	75	76	68	71	78	67	80	69	59	50	52	81	62	74	77	69	69	68	76	66	64	69	79	75	94	81	96	96	109	89	64	86	72	85	59	60	70	70	66	71	63	80	79	61	57	69	57	57	65	62	76	69	71	52	65	55	69	47	56	62	68	71	64	58	68	54	75	78	69	78	54	60	76
57	78	73	60	66	63	80	70	85	54	76	67	82	79	71	69	56	79	71	66	72	63	74	72	83	70	80	76	71	86	76	66	81	67	73	71	74	65	58	69	64	92	65	67	83	77	64	66	76	94	65	58	68	77	66	65	73	71	67	73	56	59	70	75	98	68	75	72	69	79	68	62	79	76	76	67	73	87	78	76	85	86	68	81	77	74	73	73	86	64	64	59	70	71	76	67	84	72	66	61	67	66	86	71	74	93	81	79	69	68	77	84	64	63	78	58	68	75	67	73	72	56	65	77	61
72	85	74	77	71	71	70	68	72	76	64	77	59	56	70	75	80	76	59	60	69	69	58	76	61	71	71	67	95	79	77	55	76	71	61	85	85	76	56	59	80	75	79	71	74	82	79	77	64	61	63	96	82	73	70	67	74	79	75	80	60	56	73	79	83	61	66	70	80	78	84	80	61	71	72	69	73	91	81	64	95	92	68	80	77	82	81	85	74	68	76	65	75	72	76	76	70	87	48	71	71	70	80	72	67	79	76	68	66	83	63	77	77	79	81	72	81	60	73	84	71	75	89	71	75
67	88	78	73	65	75	60	71	72	77	86	77	77	82	68	68	75	82	78	67	65	77	89	82	70	81	88	70	71	78	71	73	85	74	84	83	74	86	72	68	74	81	69	75	76	75	81	75	71	91	76	77	65	86	79	74	73	75	71	74	79	57	70	87	71	75	71	90	72	82	63	65	80	95	86	83	78	81	83	94	85	87	90	86	81	75	57	85	64	81	80	87	71	76	68	64	86	85	83	71	67	75	77	81	81	77	67	69	90	72	89	79	71	76	67	70	63	85	83	82	78	80	62	66	71
80	71	67	66	73	99	87	81	89	62	76	84	62	64	74	82	84	66	74	82	92	90	84	97	89	67	72	71	69	91	83	72	88	75	69	80	78	74	75	63	82	88	78	92	81	75	74	82	56	63	74	66	86	63	88	86	68	73	74	75	76	72	69	83	72	72	73	74	66	74	81	91	89	57	77	73	86	72	79	107	70	78	84	88	80	86	86	89	72	69	82	79	67	74	76	83	86	84	66	74	74	73	74	75	75	67	82	68	86	84	68	87	79	78	69	66	81	73	72	68	85	72	57	91	65
70	74	78	91	85	89	71	87	74	80	73	83	78	96	68	71	72	77	74	75	64	90	69	72	65	95	79	70	69	77	64	79	101	82	82	96	79	82	82	69	86	80	69	63	72	59	81	68	88	90	75	74	75	81	87	88	85	77	80	93	74	86	70	87	91	80	88	79	70	71	84	77	78	76	81	79	91	79	80	79	79	86	85	87	63	80	78	74	90	96	77	67	69	74	79	59	78	56	74	78	83	66	80	77	75	85	75	88	73	65	67	81	73	75	77	86	88	61	68	89	76	76	83	85	75
71	97	75	90	65	92	84	74	90	90	84	77	84	75	95	83	77	85	80	80	92	58	89	90	73	87	75	92	73	80	76	84	107	70	79	81	86	70	82	67	84	65	73	79	68	64	67	82	68	78	76	79	73	76	89	79	71	75	83	80	95	97	82	72	80	87	88	62	77	70	73	80	87	79	79	82	78	84	91	84	85	86	88	93	80	90	72	64	73	81	87	67	66	88	76	76	78	75	69	82	70	97	81	89	66	72	69	51	82	81	70	85	91	74	78	74	88	83	78	68	82	73	85	72	83
79	87	76	82	89	81	69	102	74	77	92	77	105	82	85	81	76	79	81	70	83	81	84	75	84	71	74	83	79	84	66	103	93	79	67	90	76	71	87	97	87	87	82	78	74	84	78	82	73	80	71	86	81	75	75	80	80	78	80	81	76	95	85	103	85	65	82	62	79	80	65	77	79	78	69	81	78	83	82	65	90	76	91	85	89	92	86	78	77	72	91	84	79	81	88	75	88	74	79	79	77	72	89	79	64	89	83	86	77	64	82	83	85	68	85	80	67	68	86	68	98	84	91	78	74
96	91	75	72	71	76	76	80	76	79	86	87	71	91	90	88	91	69	82	75	82	75	83	71	80	85	70	72	76	66	97	86	83	77	86	79	72	91	94	81	82	88	88	77	77	95	82	90	85	77	76	76	80	83	81	87	70	74	84	101	81	87	71	75	79	75	74	81	73	81	67	95	76	70	84	81	82	74	81	80	61	85	85	70	87	84	75	81	84	84	78	68	70	79	81	92	96	97	67	84	88	80	91	84	88	91	94	69	83	69	83	82	82	78	77	64	94	72	105	72	77	83	71	79	71
72	89	74	85	71	92	75	83	93	78	74	83	85	78	93	87	84	76	83	82	66	85	81	93	92	60	100	76	76	96	68	85	79	81	77	77	84	74	76	80	86	83	92	75	84	76	82	90	67	62	80	79	82	81	83	85	79	69	80	75	85	82	82	72	90	78	60	82	93	96	67	89	93	85	77	61	84	78	93	75	108	85	96	74	82	75	82	89	84	85	111	81	100	83	79	86	64	76	72	78	82	85	82	91	98	76	90	70	79	82	82	76	80	74	89	70	64	94	85	85	76	76	96	68	73
65	84	82	70	107	76	81	71	73	100	79	69	71	93	96	89	97	75	86	70	86	79	74	81	81	79	65	88	84	75	96	106	96	86	92	70	100	69	68	70	83	68	68	72	90	74	91	80	84	106	86	83	86	79	81	77	67	84	84	60	75	74	74	86	83	70	74	84	87	64	86	88	85	75	74	70	88	94	77	99	95	80	64	89	71	86	75	72	65	81	79	75	80	75	90	92	94	76	70	76	80	89	74	79	92	69	87	87	77	78	78	74	97	84	71	89	78	81	76	97	92	83	75	75	76
91	81	80	80	82	69	78	96	72	86	83	88	84	70	90	84	72	88	106	97	86	84	74	77	87	66	93	67	85	83	88	67	72	85	86	74	75	87	87	70	68	82	68	82	83	77	79	82	86	79	87	87	64	58	73	51	80	68	81	83	75	88	75	73	65	77	76	74	87	79	84	68	82	78	108	83	91	72	79	65	78	78	80	74	75	77	91	73	95	84	74	79	72	75	82	78	76	75	72	66	97	78	84	68	81	69	78	76	55	83	71	73	64	73	74	78	75	75	74	67	79	70	68	80	69
