63	86	71	90	74	82	76	81	73	73	67	82	78	82	87	96	92	84	85	76	79	91	91	76	92	107	105	88	105	99	93	112	88	74	75	91	73	93	68	77	68	101	77	76	61	85	83	73	61	74	68	79	74	63	77	70	70	93	63	77	83	69	74	56	84	80	69	67	71	78	64	70	83	71	68	59	80	60	76	83	77	68	73	62	75	64	68	77	85	77	65	84	69	63	76	71	66	59	69	74	80	82	58	73	79	52	74	69	71	75	73	76	66	78	82	80	82	80	67	85	76	82	83	70	76
78	73	85	86	74	80	80	77	76	70	77	86	76	88	56	95	84	82	94	98	84	100	86	83	93	94	106	102	109	111	96	98	102	101	92	92	108	88	94	79	71	78	85	79	77	86	79	78	75	75	69	63	62	74	66	88	65	77	69	86	77	68	89	74	78	75	76	68	78	87	70	77	73	63	75	87	57	75	75	68	60	78	64	70	84	90	69	76	59	66	83	67	68	66	84	71	77	81	81	58	87	64	72	70	69	63	76	63	79	74	63	86	90	80	70	87	79	64	77	58	74	67	87	72	82
63	94	65	77	63	83	71	91	79	87	95	80	70	99	78	90	89	90	97	91	93	97	91	78	87	94	100	105	103	94	88	85	83	78	101	90	100	85	81	87	67	89	80	76	71	68	79	72	70	78	75	72	76	82	79	98	61	82	61	81	81	62	73	76	93	63	84	82	73	65	80	56	64	46	74	69	64	76	83	77	81	77	65	84	74	77	51	82	72	71	76	67	77	81	74	75	79	67	69	75	76	78	68	72	63	71	78	71	66	79	80	73	82	83	69	46	61	81	62	79	60	73	74	56	89
93	80	87	76	75	80	83	71	70	79	91	78	68	105	102	91	90	85	97	79	84	102	91	91	106	118	99	98	103	98	90	93	96	85	100	71	85	68	103	77	85	88	84	81	72	76	84	80	99	70	66	76	76	64	87	71	72	73	85	78	99	83	75	73	73	98	74	70	81	75	75	73	82	66	61	71	77	67	79	71	97	81	76	58	77	68	67	89	70	65	80	81	71	63	93	69	70	76	82	66	65	74	82	74	82	67	79	90	81	79	71	87	61	66	80	71	67	68	85	65	73	69	78	75	75
87	78	82	90	83	76	88	87	77	89	82	91	98	84	91	80	83	109	97	88	106	107	84	94	126	96	103	90	115	117	79	78	98	95	80	87	86	75	77	83	97	79	70	75	78	68	95	103	67	84	75	94	67	76	61	72	89	69	86	78	82	80	91	69	95	80	72	72	68	66	83	76	82	62	78	71	86	94	80	68	93	86	69	87	66	79	89	85	76	66	73	88	70	76	85	80	72	62	62	62	61	66	60	88	85	82	68	92	67	71	76	61	80	65	73	70	72	90	77	75	91	70	70	77	66
95	78	79	79	90	82	93	88	86	93	93	101	81	100	103	99	97	99	95	99	74	110	96	95	102	95	103	95	110	97	118	92	106	95	88	102	92	91	109	92	90	88	84	83	93	83	89	88	70	80	81	77	94	84	66	82	69	81	79	71	76	87	75	77	86	103	93	68	75	79	86	76	75	81	76	83	71	83	73	73	77	90	70	89	75	75	80	91	72	74	74	69	81	81	78	79	87	77	81	81	70	82	64	68	72	75	84	65	79	78	75	73	73	85	69	76	80	76	73	84	80	84	87	67	69
69	74	96	70	90	92	97	83	83	92	82	102	99	96	102	109	89	88	110	99	122	112	98	94	98	97	115	112	107	131	115	103	96	91	78	85	94	94	93	80	73	84	84	84	89	75	98	86	96	83	100	72	94	78	67	76	76	85	81	87	85	89	88	68	75	82	70	74	72	83	86	70	76	72	72	74	66	71	69	71	86	80	81	85	53	79	92	76	84	71	79	66	86	80	72	71	68	71	76	82	83	78	77	72	78	88	71	79	82	67	76	88	70	84	60	66	87	76	89	65	54	66	65	73	66
70	99	80	84	74	83	98	86	106	94	86	107	80	113	107	117	86	114	126	112	100	133	127	114	113	94	115	74	105	117	100	73	111	89	81	85	84	86	92	87	69	88	83	97	78	81	76	89	76	99	80	63	88	71	75	80	77	94	93	81	86	84	82	88	71	75	84	76	80	69	62	76	93	75	71	82	65	70	85	95	75	79	91	80	96	84	89	73	71	73	73	95	83	77	79	87	82	91	71	77	77	75	78	91	87	75	73	74	83	81	73	83	65	78	69	85	76	88	69	91	87	78	67	76	57
74	84	75	107	102	76	96	98	87	83	82	101	87	87	97	107	122	111	109	116	102	124	141	107	113	104	109	109	104	111	121	101	92	87	91	85	95	114	91	91	85	82	91	106	76	81	73	79	58	102	81	89	97	87	88	71	70	83	83	75	57	77	95	76	93	97	86	83	71	92	88	84	60	85	65	86	82	74	66	67	93	75	68	91	82	81	92	91	87	81	94	63	87	94	87	64	88	90	93	72	89	78	85	79	80	79	66	81	69	63	87	83	68	87	82	57	87	68	88	68	100	86	98	57	76
105	106	92	87	83	92	77	99	97	98	96	105	99	98	92	106	95	110	112	105	96	139	91	126	114	108	114	92	97	110	100	103	89	90	99	95	82	86	83	88	89	63	92	79	83	79	90	76	75	82	91	82	83	87	86	72	80	89	98	94	78	90	86	66	83	79	77	79	82	97	79	94	68	89	78	82	67	90	79	88	77	88	70	81	78	67	69	88	69	78	70	77	67	76	77	84	79	71	83	67	74	79	86	69	80	82	74	75	95	74	84	81	91	70	76	68	73	91	74	89	94	93	75	78	76
104	79	110	92	87	88	108	92	96	114	95	97	108	110	104	101	126	123	100	117	126	116	117	95	107	113	128	105	102	109	87	95	106	101	64	97	89	89	82	96	113	82	90	99	83	96	96	76	97	73	84	83	88	100	103	88	86	80	86	81	88	92	80	73	74	87	79	77	77	55	92	96	94	88	94	97	79	67	95	81	93	82	89	102	89	81	76	81	78	83	69	73	83	93	79	86	85	102	97	84	104	91	70	76	83	101	80	93	76	84	95	84	81	67	86	95	74	84	77	102	70	89	90	77	73
100	105	102	110	90	88	102	96	82	112	111	119	102	109	117	115	116	113	106	135	130	136	140	125	108	112	123	125	99	108	106	82	88	88	79	106	95	110	85	96	83	89	88	82	96	98	94	90	102	73	100	85	100	89	110	98	84	97	94	81	83	76	70	86	91	73	75	102	78	72	82	81	92	81	89	78	82	79	103	80	103	108	86	92	94	87	86	69	80	97	78	92	105	83	76	76	84	86	93	102	91	88	82	107	91	88	80	81	65	84	74	71	88	81	99	76	80	75	84	63	89	92	75	77	83
105	111	126	87	93	102	109	111	96	90	91	106	107	119	128	115	136	136	138	129	120	124	133	140	138	125	128	102	110	97	108	80	90	98	95	94	76	104	91	113	87	97	102	92	86	67	112	87	84	88	102	100	80	78	103	104	83	97	91	83	79	94	87	78	96	91	93	78	83	94	79	85	104	87	83	95	85	76	90	81	78	100	83	87	70	84	92	76	75	87	78	75	93	72	84	103	83	62	97	94	83	80	91	70	79	82	79	94	80	75	68	92	96	86	76	100	88	85	97	80	84	93	87	100	87
107	123	104	120	108	105	125	105	116	92	104	116	132	121	113	114	145	139	130	133	131	132	137	136	123	105	131	103	100	104	96	84	100	100	79	91	102	95	86	100	94	105	104	90	102	108	90	68	91	89	91	77	84	105	94	85	87	93	100	114	105	97	96	85	72	65	84	101	83	90	99	83	70	72	80	82	93	83	86	93	85	93	90	83	81	76	89	77	78	88	100	94	78	106	86	79	88	94	97	84	90	88	87	90	72	82	83	86	82	93	83	89	106	93	95	93	86	71	94	91	97	94	89	86	96
114	99	118	115	102	124	124	120	122	116	123	131	120	106	147	147	141	134	133	156	129	144	122	107	144	127	117	128	102	124	100	97	93	86	121	81	115	96	86	86	95	90	85	83	84	87	67	89	86	99	93	92	93	89	97	95	94	80	111	90	87	87	95	87	102	102	100	84	88	90	103	87	90	71	83	84	86	95	95	78	96	91	66	99	89	83	77	80	90	88	86	105	103	88	62	92	92	91	91	94	91	83	84	90	95	89	78	97	76	86	92	84	85	116	93	83	98	94	83	82	99	100	76	83	80
114	127	116	127	128	129	123	133	122	137	132	136	135	135	136	118	120	145	133	145	147	142	147	141	117	126	110	112	91	116	104	101	105	97	107	99	102	100	91	108	83	103	89	91	90	91	81	102	86	96	83	87	89	94	126	83	95	110	90	86	92	98	90	108	89	97	89	78	90	88	120	86	92	101	78	90	100	82	68	113	83	92	76	101	94	84	93	92	91	84	97	74	76	85	90	84	86	100	82	98	92	104	88	103	92	90	109	101	97	88	77	90	75	109	95	78	96	95	85	97	83	88	90	93	92
107	126	102	120	134	145	138	134	162	138	147	139	137	129	142	160	143	153	138	119	150	150	115	134	117	134	99	92	119	114	115	103	105	91	101	97	104	102	107	106	95	81	101	95	97	99	97	90	103	102	98	105	88	93	98	92	96	93	90	98	74	88	97	88	84	79	84	86	103	91	95	93	91	82	99	85	84	101	76	98	95	95	96	109	86	96	96	80	95	116	104	100	94	79	93	94	92	100	87	83	91	82	94	96	109	78	83	102	104	106	94	86	101	79	104	92	73	90	83	102	87	103	70	98	84
116	103	112	126	149	158	169	175	193	160	176	151	138	152	138	141	149	174	169	156	126	111	127	144	134	113	125	118	112	104	125	95	82	104	98	118	96	91	98	86	105	102	112	118	106	125	97	90	98	93	106	87	93	106	108	88	90	89	84	96	89	86	83	101	97	106	88	75	102	98	112	82	94	99	94	88	88	99	98	108	94	100	101	111	95	90	87	99	102	92	93	96	112	103	105	97	87	94	94	84	103	80	108	102	85	97	100	101	98	107	85	89	122	90	91	100	89	87	92	101	99	83	96	94	117
101	113	116	144	145	158	189	217	183	191	180	204	162	177	149	163	150	159	151	144	162	144	136	120	118	122	119	115	112	113	116	129	104	102	109	108	116	102	96	98	95	100	104	92	109	103	112	102	93	111	92	103	108	91	95	85	129	105	102	106	109	110	104	93	99	107	95	93	118	82	95	91	91	93	97	87	92	99	98	103	104	78	91	90	85	83	105	106	94	102	97	83	83	105	104	112	107	86	82	102	94	91	94	94	102	93	90	103	101	94	102	96	84	96	92	100	73	94	92	100	80	93	91	101	97
116	120	126	121	161	170	212	213	223	225	193	196	186	180	165	141	171	158	138	143	135	157	126	132	128	127	118	127	106	120	118	104	95	108	110	89	103	111	120	109	108	104	87	99	129	118	104	110	96	98	97	90	80	115	86	99	91	96	112	96	105	92	113	84	83	113	100	116	91	101	109	90	115	95	93	108	106	106	93	114	85	110	101	101	106	96	90	95	96	97	94	97	94	77	94	103	114	86	110	115	102	99	91	91	92	94	112	104	101	114	93	106	92	78	97	93	107	85	106	99	92	117	94	103	101
119	137	124	120	152	187	230	229	274	286	252	228	220	187	180	152	166	150	144	159	159	142	124	139	119	132	114	118	94	120	113	93	108	131	104	117	128	118	98	93	94	121	96	110	111	106	101	87	94	115	105	99	113	105	93	102	112	114	126	102	119	95	117	96	93	96	98	107	90	99	92	99	105	93	89	113	108	97	87	94	106	99	77	92	91	86	101	113	93	91	111	109	91	88	88	104	102	92	92	123	102	105	100	101	98	109	112	91	101	120	101	94	114	105	91	108	92	108	111	106	122	103	121	116	88
130	117	162	129	163	211	217	250	283	307	312	276	249	201	209	199	163	155	160	193	153	155	119	120	118	100	113	121	103	103	111	95	100	102	108	108	105	116	126	97	107	113	109	102	115	112	103	118	96	105	100	112	111	127	108	90	115	102	85	100	131	97	101	123	103	110	114	119	100	93	133	88	88	114	122	91	112	95	129	120	106	95	93	95	106	109	104	111	92	99	121	107	98	107	104	95	96	104	95	115	99	90	97	116	93	110	131	114	93	100	124	96	107	104	135	109	123	91	115	96	126	91	103	98	93
111	102	147	120	158	167	207	266	338	335	302	290	267	229	231	196	188	159	160	156	164	132	137	122	122	124	127	106	122	112	109	119	110	114	112	113	115	120	98	116	112	119	118	109	109	98	114	117	101	121	97	101	91	99	97	103	102	106	103	99	101	123	107	107	100	97	107	105	115	105	115	93	105	117	98	109	112	101	121	89	88	101	101	112	128	94	97	94	84	98	96	111	110	105	93	88	104	119	106	107	126	87	115	123	94	104	127	106	114	99	96	116	106	112	99	92	97	113	125	117	100	106	112	126	96
114	122	135	130	153	173	190	252	284	345	351	332	307	264	264	207	182	173	177	172	155	137	148	120	128	122	123	143	115	130	106	110	113	101	121	114	105	105	104	111	107	99	83	96	112	110	106	137	108	113	120	109	109	107	103	92	108	84	94	126	105	108	103	116	120	120	106	108	111	92	105	92	126	108	96	97	101	100	114	103	106	123	113	122	94	104	112	95	107	115	90	119	97	94	112	114	111	105	113	131	130	123	102	112	114	114	93	96	97	115	107	102	110	109	97	111	109	89	95	105	106	116	111	114	108
131	137	149	135	147	171	201	232	302	308	365	346	319	295	261	210	210	207	160	137	135	133	137	131	118	118	111	123	110	111	124	124	107	124	109	111	99	118	125	137	132	111	92	116	106	117	110	122	119	112	119	127	105	118	118	125	127	102	106	109	117	101	99	118	127	105	114	109	101	104	86	112	112	105	100	101	104	112	104	84	108	110	96	111	106	103	103	112	116	111	109	120	100	98	125	119	114	109	118	112	96	114	120	95	103	97	96	135	103	93	84	113	97	118	112	129	95	104	108	104	100	112	95	106	109
123	124	141	145	130	173	184	199	277	287	351	369	315	263	247	243	190	177	190	160	144	141	126	115	125	114	110	119	121	133	125	117	111	130	143	117	114	117	123	112	129	115	125	119	116	114	101	114	104	109	100	115	107	103	108	114	101	112	122	104	96	120	111	109	127	111	117	122	130	120	110	104	112	100	116	105	105	107	130	109	109	103	106	102	103	112	122	96	125	115	107	96	107	121	120	115	133	104	117	100	119	118	111	114	108	106	91	107	121	105	116	113	112	117	110	85	117	125	127	96	111	128	92	110	103
148	131	128	140	148	168	167	202	263	299	340	350	374	295	283	237	199	210	153	172	170	113	147	135	132	117	124	115	109	126	117	113	102	131	133	129	115	120	108	114	114	113	115	114	99	112	111	112	113	106	100	120	103	113	107	102	111	106	121	107	123	107	121	123	127	126	91	137	131	117	113	127	105	116	117	120	98	114	135	110	105	98	107	92	110	114	111	92	105	112	156	119	120	101	111	105	118	103	103	108	90	131	93	119	132	115	106	110	100	102	136	93	106	105	132	126	81	116	117	101	104	126	113	120	99
129	147	144	135	163	169	173	192	222	265	322	342	329	336	289	268	185	185	158	164	160	126	120	135	123	116	117	117	120	114	115	107	112	133	105	130	131	118	122	110	124	106	119	113	119	124	106	111	118	114	114	129	119	122	112	121	104	121	120	107	135	119	123	113	119	132	123	103	131	110	115	100	106	111	111	122	113	103	103	107	90	116	115	97	110	99	119	101	109	111	125	103	89	103	109	121	93	111	107	99	105	123	113	108	127	124	108	111	113	117	99	114	111	89	118	134	124	110	121	121	131	130	89	109	118
150	167	150	174	171	184	174	203	232	261	292	322	327	321	297	241	191	150	137	138	131	133	124	135	117	134	123	105	129	119	109	116	123	138	126	113	137	96	104	131	84	109	110	109	123	124	111	103	115	113	110	126	134	107	128	98	119	124	98	113	114	109	131	120	117	111	125	127	101	117	117	120	104	123	103	95	99	112	108	99	100	104	119	98	103	101	111	111	118	122	117	123	130	120	134	124	117	103	125	104	112	100	93	107	110	116	129	112	115	86	111	108	120	110	126	109	119	119	107	113	118	114	114	102	98
159	164	168	181	197	186	200	179	230	238	293	313	322	291	276	235	192	141	138	168	132	133	122	120	125	123	115	104	126	105	111	111	106	122	128	100	128	102	112	124	123	127	124	115	114	106	107	115	118	118	117	109	132	96	96	122	133	127	120	125	121	106	108	134	117	104	129	106	112	109	123	100	101	140	109	118	97	108	111	109	99	104	128	94	114	120	103	110	112	113	125	125	116	121	111	127	117	114	113	114	97	112	113	102	116	99	120	121	109	105	82	100	123	115	108	101	112	108	113	116	117	106	113	101	100
169	169	181	200	221	237	271	242	233	250	273	285	262	266	241	211	180	188	151	152	159	141	141	127	128	122	121	119	116	103	134	109	131	131	129	130	117	125	119	125	122	123	109	122	116	134	118	108	101	119	119	115	124	105	124	118	106	128	97	126	115	102	98	121	130	123	133	142	112	115	122	111	112	114	104	96	116	113	101	122	118	95	93	123	143	101	108	108	119	124	131	125	115	126	106	119	117	117	95	112	116	100	108	113	99	112	119	111	116	106	110	130	97	102	106	104	119	110	108	97	106	97	115	124	110
151	170	197	199	218	297	332	311	289	278	231	269	269	253	242	175	196	154	155	145	129	134	138	118	124	125	132	111	120	107	101	136	98	93	107	113	126	129	110	131	129	128	128	125	125	132	114	130	107	123	116	109	120	108	131	129	114	109	121	112	112	124	128	128	100	129	105	121	104	136	108	108	103	106	116	104	112	115	123	118	114	127	118	117	96	112	119	119	106	126	133	122	102	109	120	113	131	117	100	112	129	121	128	116	101	115	99	143	122	107	115	116	126	130	107	142	110	124	121	114	109	133	112	104	111
147	189	199	228	281	339	360	365	326	278	297	296	238	226	213	176	200	162	164	148	142	124	104	109	115	118	139	126	109	120	124	113	100	121	111	124	116	116	113	111	102	108	116	119	132	103	134	135	127	114	114	117	104	116	108	131	107	107	98	126	121	130	117	118	114	119	94	106	114	129	122	107	118	110	126	97	115	118	106	92	123	99	118	110	125	134	118	120	127	124	97	116	115	114	95	110	117	114	116	126	111	125	127	118	112	106	125	108	104	129	112	106	104	127	102	126	98	107	126	128	111	114	104	114	119
137	148	173	232	316	400	424	445	389	359	323	280	254	241	220	184	190	133	145	127	133	143	127	141	130	127	116	109	131	134	127	125	116	113	115	133	120	127	121	117	114	104	153	120	127	104	115	143	136	105	123	112	121	112	137	120	114	132	139	127	125	125	134	111	120	117	125	110	132	122	119	115	121	105	101	125	113	106	109	115	91	126	116	117	109	105	122	118	103	132	122	107	98	101	111	88	109	130	129	135	112	110	128	110	128	124	128	106	113	103	99	114	108	117	105	95	141	112	125	122	121	148	116	107	114
136	163	176	217	318	440	484	528	484	436	312	305	266	233	233	172	177	160	144	151	130	128	127	113	118	119	130	139	123	149	138	147	135	124	131	123	110	123	101	121	116	134	100	114	130	129	102	129	143	120	116	115	122	112	104	109	130	121	113	117	108	109	104	120	121	131	101	131	92	109	137	117	115	114	127	115	108	125	127	112	131	125	101	110	110	108	113	108	111	117	107	122	117	119	118	115	104	107	110	126	118	124	116	117	104	134	111	92	118	104	93	121	128	118	115	109	110	100	132	133	124	105	104	122	97
136	121	160	214	312	472	491	600	515	468	353	303	259	219	213	172	160	162	181	138	137	134	140	124	133	114	102	127	126	114	121	131	107	108	111	114	103	102	117	122	115	108	105	118	126	151	141	117	124	111	118	120	116	97	108	129	132	113	117	116	129	109	117	102	118	135	106	112	112	132	130	100	123	108	126	138	111	115	110	119	111	123	104	107	109	120	110	121	114	117	105	106	121	121	144	125	111	115	89	97	104	110	109	129	116	108	120	120	118	112	121	130	122	133	102	107	105	128	112	107	129	103	107	118	121
121	151	168	208	245	390	506	542	513	464	411	300	224	242	211	186	175	171	152	145	125	140	132	122	120	126	120	132	131	114	119	131	135	130	117	89	114	114	120	125	113	118	127	113	107	120	113	111	129	113	116	95	110	124	111	113	110	108	104	103	101	129	107	121	135	119	111	94	112	107	116	106	104	122	115	102	114	116	130	114	117	120	119	101	112	115	109	101	117	116	118	106	127	112	121	122	121	136	141	93	103	126	100	111	119	113	120	106	81	116	95	112	105	127	106	115	113	119	111	86	123	103	103	105	120
119	142	128	144	220	320	417	532	541	517	394	329	257	232	218	183	160	159	126	134	121	129	110	121	127	130	114	114	100	102	122	110	112	105	95	116	119	112	113	125	122	110	111	98	110	138	111	111	127	111	114	126	121	111	120	126	94	124	109	126	98	129	127	120	112	99	104	94	103	115	120	109	90	110	106	107	103	107	122	113	106	99	93	113	116	84	108	110	102	92	88	119	127	112	107	105	103	97	112	119	105	118	105	93	112	106	100	105	102	103	124	95	134	105	123	97	119	120	94	113	106	108	132	110	102
103	123	124	155	216	269	383	481	500	446	423	300	263	221	165	174	145	163	141	137	133	104	124	115	122	119	108	102	114	110	103	116	93	114	118	99	100	104	104	103	110	124	111	120	119	115	118	113	99	116	111	104	106	94	106	81	118	114	95	115	102	121	105	110	124	106	105	111	105	91	97	101	80	113	104	98	97	99	117	113	81	102	116	95	103	96	102	128	116	100	102	103	128	103	92	107	112	106	100	123	99	101	107	104	94	122	119	103	113	103	101	105	92	100	115	98	100	103	103	104	85	94	105	122	91
106	108	115	129	153	226	287	378	433	384	356	291	223	197	180	134	136	135	112	114	100	115	90	122	107	95	113	92	114	97	118	107	86	109	91	102	102	99	102	90	103	127	96	106	117	104	105	102	99	100	106	114	128	90	109	112	101	99	94	93	106	98	98	88	108	108	106	94	100	109	94	96	107	99	86	102	127	92	101	101	89	96	99	114	95	96	95	100	85	103	94	82	84	95	91	87	101	99	84	115	92	101	103	105	85	103	91	92	100	91	79	104	98	110	98	104	102	106	94	105	90	92	92	97	76
95	110	91	119	150	203	227	315	368	373	336	265	222	175	163	151	115	120	103	114	113	96	92	100	103	70	83	95	95	100	111	93	104	73	95	104	106	113	89	102	91	103	111	112	101	102	101	97	87	94	90	94	98	91	98	86	92	93	82	87	104	97	107	89	105	98	104	112	101	98	101	86	96	84	110	73	88	92	99	99	111	87	95	102	98	90	109	92	80	82	100	81	97	92	85	109	90	91	102	78	95	107	82	90	71	87	115	90	93	98	92	93	90	89	87	88	99	86	112	110	99	107	89	80	84
79	79	115	102	126	148	189	224	325	259	264	258	212	164	145	148	123	117	103	108	98	100	85	103	78	92	79	88	82	86	92	87	108	83	83	99	91	91	116	81	95	102	96	79	102	90	92	83	82	91	90	76	82	92	92	89	88	74	80	82	84	95	61	86	90	86	92	78	78	83	74	86	81	81	73	84	82	72	85	83	99	81	74	80	79	93	85	101	97	84	95	103	88	70	93	94	96	77	83	87	89	91	77	84	104	94	116	81	94	84	95	88	79	81	89	89	100	77	97	81	81	84	75	78	79
93	103	85	103	113	131	172	200	225	240	232	201	203	146	130	108	105	93	108	91	104	106	72	99	81	92	99	96	98	101	83	100	95	81	97	99	89	87	89	89	82	95	91	84	73	93	78	80	82	79	100	89	89	70	99	85	97	91	80	91	81	97	78	91	73	77	69	82	78	75	79	67	69	84	90	84	87	70	82	84	64	80	76	105	76	91	91	86	62	87	81	99	84	71	96	75	87	98	75	79	74	87	76	77	72	92	77	83	86	77	80	76	92	98	89	80	59	100	80	81	77	107	102	82	85
80	81	96	104	108	135	137	174	201	185	203	188	147	134	111	106	90	104	100	78	67	105	93	87	81	74	87	77	77	75	94	71	84	77	75	70	91	72	84	94	71	67	83	89	86	82	83	81	80	92	84	66	91	90	89	82	79	89	76	104	77	68	86	74	85	89	82	73	79	73	83	66	75	75	69	84	78	81	86	70	88	88	78	76	84	57	88	69	75	88	71	83	85	75	88	71	73	72	84	70	79	65	75	77	95	77	83	80	72	78	94	92	70	81	76	61	91	67	90	78	96	85	85	82	69
79	81	99	99	115	89	136	149	137	157	141	147	151	123	110	94	93	95	81	101	72	71	94	66	74	85	72	75	88	78	69	87	94	70	50	76	69	90	93	91	82	71	83	70	90	80	73	86	54	91	70	71	66	81	72	83	81	91	76	93	80	78	73	68	75	83	97	69	72	81	73	80	73	80	68	65	94	78	80	70	79	77	81	81	80	74	73	94	79	70	69	73	80	71	77	65	77	66	77	72	83	65	91	77	80	70	80	70	59	62	67	71	59	65	86	82	73	70	52	79	81	79	58	57	62
79	79	86	73	98	97	125	111	141	136	137	108	129	112	97	95	92	86	69	79	73	76	85	81	75	69	72	67	71	83	56	58	70	65	75	63	76	73	81	80	59	86	89	69	70	70	68	64	69	72	65	63	87	77	78	76	78	80	64	67	84	71	60	72	64	68	68	73	54	72	73	79	68	65	82	70	59	54	70	61	72	78	74	66	70	66	70	74	82	79	78	68	68	76	76	68	87	81	61	71	70	72	68	76	64	71	82	67	66	59	74	74	61	81	84	82	66	67	71	62	77	60	76	63	52
75	74	77	76	83	112	96	109	123	117	130	104	104	88	83	90	63	80	76	74	73	72	72	72	70	68	67	58	68	70	71	60	70	81	81	69	63	68	66	77	64	64	82	73	67	63	67	58	66	66	56	72	79	67	70	70	58	65	67	70	62	86	68	78	59	74	75	68	71	71	73	71	71	60	69	55	48	76	66	70	51	47	37	69	56	57	76	59	74	72	63	67	53	63	71	71	62	72	66	56	69	63	77	73	60	62	58	50	76	50	70	47	71	66	62	68	55	58	79	57	68	70	68	75	47
59	86	69	80	86	83	92	103	108	109	117	98	94	90	82	69	94	62	60	79	72	66	68	61	59	61	67	66	71	66	71	58	59	74	76	56	58	66	60	49	63	75	60	68	68	68	69	81	66	49	70	60	65	72	65	69	62	82	68	58	56	62	62	76	74	69	69	62	58	74	60	70	63	53	63	74	66	59	71	49	65	57	57	67	56	66	69	63	58	58	53	72	64	66	57	65	49	64	68	63	61	47	71	65	70	59	59	64	65	64	74	46	55	54	54	57	53	64	71	59	67	70	53	45	61
53	64	79	87	76	96	101	98	107	112	108	90	85	78	84	64	61	52	56	75	64	53	62	57	72	71	65	47	67	75	63	59	46	70	61	73	76	63	58	60	70	53	58	67	64	69	55	74	60	57	53	62	55	62	69	59	57	62	58	50	55	54	51	67	59	49	58	45	49	55	46	68	53	60	65	63	65	59	47	51	62	48	51	49	62	53	55	57	62	60	60	78	60	55	58	61	57	70	53	62	57	64	61	55	55	54	54	68	69	52	61	52	58	51	53	57	62	55	66	63	47	66	55	48	59
55	62	51	59	71	86	85	76	95	76	81	74	73	80	91	66	73	62	51	63	41	64	64	74	55	56	46	57	47	55	57	41	59	57	62	62	45	60	61	68	46	54	50	54	50	64	66	73	63	71	65	65	56	63	68	61	63	50	53	62	64	63	59	76	69	60	48	59	38	69	56	47	54	58	56	35	39	47	47	60	56	56	53	59	50	61	55	52	52	57	57	69	61	59	65	52	59	55	60	57	64	48	50	50	43	48	57	60	48	57	41	49	63	40	53	46	58	58	58	57	66	49	67	51	49
62	57	56	64	67	55	71	83	90	69	70	61	69	54	58	63	61	64	53	56	51	55	49	41	46	52	58	50	47	48	60	44	58	46	57	55	49	56	59	54	58	51	52	55	56	52	45	57	63	51	59	59	65	66	52	54	66	50	50	72	55	56	58	51	67	65	58	57	50	36	62	48	56	51	41	66	46	59	58	53	47	40	43	45	62	45	46	45	48	44	55	37	57	54	64	50	60	55	56	49	50	38	51	54	46	47	48	59	55	49	47	42	48	63	59	57	62	44	42	43	61	45	42	44	41
42	63	55	58	68	61	76	82	87	75	70	61	58	52	44	46	52	46	61	58	51	60	48	64	56	58	53	53	62	60	63	53	64	40	51	49	56	59	50	60	51	54	55	61	60	69	49	46	51	38	69	46	50	44	45	45	54	53	49	52	58	53	52	52	47	54	49	56	53	48	51	67	43	51	48	44	52	49	46	55	44	43	54	45	51	40	54	51	41	58	52	44	48	54	33	49	47	57	49	36	44	44	51	56	57	64	50	60	48	34	57	45	44	55	43	52	55	45	55	58	46	48	55	41	58
52	45	49	53	57	83	72	70	64	59	73	55	63	68	62	57	58	47	45	54	55	44	60	54	49	60	46	55	53	47	58	55	48	52	57	48	63	42	34	52	58	60	43	53	40	44	54	42	69	46	64	49	51	52	39	58	46	48	52	53	55	35	63	49	47	51	56	48	43	38	47	49	51	49	52	43	42	47	48	47	49	51	34	40	51	54	48	42	44	38	69	48	36	39	41	44	34	48	51	41	60	37	45	49	47	57	34	47	43	45	50	56	59	50	58	41	51	43	32	37	43	59	43	41	42
56	59	43	69	75	52	58	78	57	72	57	66	49	56	53	46	54	52	53	56	61	44	52	61	43	51	59	50	57	47	55	47	52	48	48	45	41	45	54	70	62	54	54	44	45	52	56	44	50	43	49	45	66	52	45	50	50	46	49	49	36	59	59	55	52	53	44	47	51	34	45	49	47	51	43	42	51	49	39	47	39	47	38	43	34	44	42	40	43	29	48	60	39	53	40	51	69	44	42	32	36	54	50	47	41	43	48	37	37	40	45	36	41	36	33	38	38	51	45	47	33	56	47	46	43
49	50	48	57	57	47	62	64	65	60	61	57	50	53	49	55	48	52	43	44	45	40	51	45	57	55	54	53	55	50	65	54	49	55	38	56	58	44	46	46	35	58	54	57	44	57	59	54	55	37	48	42	51	46	44	48	43	36	41	49	54	52	47	51	45	47	50	45	47	58	42	58	32	49	46	56	43	54	42	42	42	31	34	51	37	29	44	28	41	34	50	34	41	40	47	44	31	57	52	43	36	40	35	38	53	41	42	41	52	39	36	41	45	50	34	49	41	50	42	40	44	48	36	46	42
46	55	43	49	43	62	52	53	53	49	62	54	71	60	40	60	36	57	40	47	37	50	49	46	47	51	44	47	36	37	50	42	52	42	51	39	50	54	37	45	45	38	40	32	50	36	51	52	38	42	43	55	38	67	52	60	45	49	57	48	49	39	51	34	43	45	43	37	56	41	28	36	35	39	49	46	47	38	43	37	42	37	48	43	38	34	52	39	35	44	36	48	48	38	48	46	39	41	44	49	47	39	46	49	46	33	41	33	45	54	42	38	52	50	51	50	52	44	55	42	46	43	50	45	39
46	41	47	48	51	43	56	61	73	50	49	52	43	40	55	50	47	57	45	50	50	42	41	64	51	57	53	39	46	57	35	52	49	51	41	53	38	51	41	52	47	57	57	46	54	44	45	51	45	47	54	48	42	50	59	49	34	53	43	60	46	31	43	40	32	41	65	52	48	44	41	47	48	47	44	50	27	42	52	51	40	55	48	48	28	32	44	40	36	34	45	41	52	49	37	36	40	44	40	43	52	37	45	42	34	51	41	39	39	51	51	48	50	51	37	45	41	43	39	55	49	44	50	40	34
42	33	50	53	47	54	60	54	53	59	40	35	45	49	47	50	50	61	42	41	53	43	51	46	56	44	64	49	42	49	37	52	46	42	40	46	48	60	43	52	42	45	42	40	42	33	58	44	39	50	51	45	45	41	46	38	47	58	46	41	52	47	33	53	49	44	52	55	49	39	29	39	44	42	52	32	51	40	44	46	39	36	46	42	39	44	30	36	48	36	45	44	40	43	40	44	52	38	31	30	39	40	45	42	46	43	52	43	30	42	39	46	43	53	45	35	34	47	43	39	41	52	46	39	26
55	55	48	45	40	48	57	42	53	53	45	45	57	52	34	46	42	56	47	45	59	53	52	53	45	38	37	51	41	54	45	44	55	52	45	42	37	45	55	52	41	52	40	48	56	48	44	47	53	51	44	43	36	48	54	47	40	52	42	52	48	42	45	61	48	60	59	36	41	42	51	44	48	49	49	43	40	53	38	35	33	31	40	45	40	36	35	36	42	42	46	41	38	35	39	30	33	59	29	38	42	34	33	35	36	40	42	42	36	34	32	46	45	38	49	40	47	35	49	41	42	24	51	50	42
46	49	41	38	48	39	42	58	58	58	44	44	47	42	52	54	41	55	60	50	57	49	45	59	51	53	39	42	42	48	50	42	43	46	55	57	47	46	45	45	42	48	42	31	50	50	43	45	43	44	53	49	51	48	58	45	44	48	44	44	54	42	45	52	45	43	48	46	35	49	41	46	59	50	48	54	52	31	51	40	41	47	38	41	44	43	44	31	35	35	42	49	33	36	33	45	43	41	36	37	37	39	40	48	34	43	26	35	37	46	41	38	37	45	43	44	66	36	46	47	48	41	43	35	38
48	37	50	43	40	36	48	50	60	46	55	53	55	54	55	57	44	37	57	52	49	51	41	36	49	48	41	43	43	45	49	51	45	52	56	49	40	40	41	45	32	34	46	45	49	42	45	38	38	35	47	38	38	44	61	46	47	33	34	55	40	49	39	34	28	46	32	43	42	40	49	43	42	43	44	52	34	38	36	35	40	42	35	45	35	39	34	33	45	38	37	38	46	42	39	48	38	38	33	42	31	43	36	30	38	23	34	42	34	45	44	41	45	31	59	39	44	45	50	38	33	39	43	40	37
47	41	50	42	40	53	54	50	55	47	45	43	40	48	44	57	50	49	46	38	49	62	43	43	50	55	44	47	60	47	47	39	52	51	49	52	41	39	49	36	52	47	35	42	59	52	56	41	53	36	35	51	45	36	36	49	34	44	45	32	37	50	36	61	43	39	45	43	41	28	40	40	44	33	42	44	38	30	43	42	42	35	36	35	31	34	46	34	35	35	37	52	27	30	56	38	42	33	39	38	35	43	52	39	47	31	36	36	41	46	40	37	49	39	28	38	27	44	36	42	34	31	34	38	44
54	36	41	54	42	50	43	41	60	51	58	50	46	48	47	34	36	47	47	39	43	35	42	52	39	45	37	43	52	50	42	41	53	49	37	51	41	62	48	39	49	47	41	50	41	47	46	36	43	44	43	50	53	46	55	48	45	35	55	49	37	58	42	47	49	36	36	50	32	31	37	41	35	36	34	28	38	39	47	43	45	36	38	44	30	31	39	32	37	42	39	48	44	48	28	33	37	38	43	42	45	32	25	40	33	43	37	43	39	40	39	38	39	34	36	43	42	30	53	39	40	39	39	44	32
52	44	45	28	44	38	39	56	40	57	39	34	50	49	39	37	35	38	44	55	51	41	48	44	46	45	32	50	34	41	39	48	41	40	34	42	40	43	37	44	42	51	48	56	47	44	52	44	47	36	35	55	44	54	54	33	35	46	29	49	46	56	38	43	44	44	38	50	43	26	34	29	37	45	41	24	37	56	41	27	42	27	46	39	35	42	39	43	31	39	36	40	40	47	36	44	35	34	44	39	44	39	43	47	32	38	34	37	34	38	44	25	35	37	38	39	47	37	42	42	37	31	42	31	26
46	47	28	41	57	39	52	34	51	42	44	59	50	43	33	34	38	45	46	61	38	42	41	43	40	48	54	40	39	54	41	39	48	35	39	50	41	41	44	34	47	35	36	41	45	46	35	41	36	46	48	31	51	40	40	42	37	39	54	46	35	34	45	49	39	34	55	40	42	38	42	35	46	46	44	42	41	36	51	40	45	38	43	38	48	33	32	36	36	43	39	36	49	40	41	34	37	34	36	32	34	46	39	27	24	32	43	41	31	39	28	42	39	41	28	39	35	40	40	38	30	41	27	31	44
39	47	45	44	46	55	51	41	34	52	56	50	53	41	40	45	33	41	51	44	52	42	36	43	50	44	33	53	48	40	46	35	38	41	37	43	39	49	44	43	51	41	57	37	44	42	37	37	33	50	36	55	50	43	45	36	40	47	43	35	47	43	40	42	40	38	31	33	38	39	41	37	39	41	40	27	28	31	35	37	31	35	44	36	42	30	35	34	40	32	45	33	40	34	30	37	29	33	33	35	39	39	23	34	40	29	28	35	30	38	48	46	42	35	32	34	50	50	36	32	40	42	36	34	39
41	56	40	52	51	42	57	41	35	31	46	51	45	48	41	34	46	46	46	39	41	37	53	48	55	52	31	42	39	52	45	43	42	36	55	39	38	33	30	39	41	42	52	37	43	41	52	40	29	37	31	34	39	40	46	41	42	44	35	40	41	38	40	32	49	45	40	38	62	40	47	45	50	42	49	36	32	32	47	25	45	30	45	30	33	36	40	29	35	26	33	26	38	35	22	32	33	36	38	36	39	41	42	39	32	31	43	39	46	41	31	28	25	44	37	27	40	43	33	37	32	34	28	35	37
31	39	39	40	36	35	46	40	44	44	47	49	36	44	38	46	46	43	42	40	42	34	35	42	45	28	52	42	36	39	47	35	40	26	35	40	38	36	48	46	38	40	35	44	44	52	41	40	49	37	56	43	34	41	44	38	29	38	32	50	45	41	41	44	33	34	45	41	40	50	29	39	36	34	31	39	36	47	30	37	42	40	41	44	38	39	49	28	36	39	35	38	34	49	40	35	40	29	28	35	39	24	38	42	36	46	40	34	45	44	30	30	41	32	39	37	44	40	43	39	33	33	33	27	27
34	44	31	43	32	35	37	41	49	44	38	43	43	40	35	55	40	39	28	42	41	41	42	39	35	34	38	28	37	38	40	44	29	36	42	35	31	32	38	45	50	34	46	34	37	40	31	34	41	44	34	42	36	34	35	44	37	32	38	44	38	32	31	50	30	41	32	32	32	35	41	35	34	36	42	35	31	42	32	31	36	23	37	37	37	34	36	19	33	22	29	37	33	30	31	45	36	39	35	31	37	39	28	35	37	34	37	45	52	31	31	44	24	39	30	33	25	33	30	31	36	37	40	42	30
40	30	33	40	41	30	32	39	28	31	41	37	31	31	29	32	35	40	39	34	33	28	33	37	30	33	36	29	35	36	39	40	29	35	27	36	28	41	39	33	31	36	32	27	43	39	42	43	38	35	38	36	45	31	34	33	37	40	36	20	25	29	37	32	43	41	20	33	34	33	33	37	34	29	30	33	42	43	28	36	38	38	35	22	38	38	39	30	44	35	41	35	39	35	25	38	32	34	31	30	36	34	38	37	27	41	42	34	30	37	26	29	42	24	44	34	36	32	24	43	35	29	32	41	27
37	43	28	38	35	30	30	38	44	47	36	29	41	32	27	34	34	29	32	35	30	32	34	22	35	35	29	28	28	32	26	32	29	26	34	28	32	30	26	30	34	39	34	23	27	39	30	38	28	40	37	33	40	31	43	35	43	28	31	23	33	33	32	30	23	33	33	27	42	37	35	34	38	33	27	30	32	37	30	32	26	31	28	37	35	35	30	32	22	38	39	39	31	42	26	35	36	32	26	36	37	30	30	36	39	41	43	31	23	34	35	42	33	31	28	29	28	33	31	37	40	34	22	38	33
39	25	25	25	26	40	21	37	42	35	41	32	41	33	33	27	43	22	31	30	33	43	45	34	31	30	27	31	39	24	37	33	29	34	26	22	26	29	29	43	35	31	39	38	33	30	37	34	40	42	28	37	28	26	26	28	36	30	33	32	29	36	41	28	23	32	23	26	31	26	32	37	25	28	32	17	42	35	27	35	40	32	36	28	27	28	39	29	30	29	37	35	30	22	42	30	41	38	38	23	37	40	47	26	26	43	31	37	41	36	29	40	30	27	24	25	40	32	33	35	24	33	35	41	43
29	34	27	24	41	22	32	32	30	32	32	29	32	26	37	30	32	37	33	40	27	38	45	28	30	22	37	24	29	22	32	19	31	34	28	27	27	29	36	28	22	30	34	34	42	23	40	41	30	24	32	27	29	21	36	39	28	38	37	29	31	34	24	29	26	39	28	25	32	34	42	32	36	42	21	37	28	34	36	28	39	28	33	39	41	36	23	26	26	37	21	32	34	26	30	28	37	24	35	27	31	39	42	48	25	29	27	30	24	25	37	25	29	36	13	29	27	25	31	27	40	34	20	34	26
30	25	32	31	28	30	31	43	30	37	28	48	29	20	34	28	32	35	17	23	31	35	33	38	38	31	22	30	32	28	37	36	29	33	25	37	20	33	30	36	19	21	38	29	23	34	23	38	28	28	31	30	43	23	34	20	32	32	27	28	27	28	24	31	26	24	28	28	34	36	30	28	49	37	28	25	31	25	22	29	37	37	29	34	23	29	34	34	27	28	32	33	22	36	28	37	22	34	26	34	32	35	31	34	38	40	28	28	24	23	36	27	30	28	36	23	40	24	35	29	35	27	27	25	25
37	31	31	33	23	25	33	30	32	23	33	39	26	38	36	27	27	41	27	28	43	31	27	20	22	33	26	23	18	36	27	27	32	37	33	27	32	20	25	31	36	28	29	35	21	33	30	34	35	37	29	27	36	26	31	29	30	30	31	27	22	29	30	23	24	39	31	21	25	26	19	29	33	27	33	24	29	30	28	29	34	27	34	37	35	21	34	22	35	31	29	37	27	26	28	51	31	35	37	29	25	23	27	33	32	25	34	25	36	30	25	24	26	42	37	41	33	43	36	25	36	27	29	32	24
19	30	30	27	32	31	28	26	21	20	25	28	36	30	31	34	34	35	24	29	25	30	29	33	30	34	26	28	30	36	26	33	33	33	39	26	30	32	30	18	33	29	25	31	32	36	20	35	29	29	31	27	28	38	21	27	32	26	24	23	30	25	30	26	36	27	26	31	28	23	31	33	24	28	30	32	24	20	32	45	31	21	37	30	35	35	29	30	34	40	38	28	26	25	35	23	36	27	34	30	20	21	25	33	31	29	22	29	33	28	34	31	36	32	24	37	22	27	30	25	30	21	22	25	24
31	23	28	24	28	29	27	26	24	27	34	31	29	31	31	32	25	32	25	40	31	33	24	33	19	29	32	27	21	31	24	23	25	30	38	31	27	24	32	27	30	28	21	29	31	25	27	31	32	32	28	30	21	29	31	27	32	32	34	28	23	35	37	21	31	27	21	22	25	18	30	33	30	30	27	22	34	37	24	28	27	26	23	39	36	25	29	23	27	32	40	28	28	30	26	30	31	34	29	34	32	33	30	29	35	34	25	37	28	32	33	35	40	33	28	31	35	18	33	25	25	33	34	29	23
30	32	31	39	30	29	31	25	34	26	26	34	32	28	41	30	37	30	25	32	29	31	32	20	30	24	34	31	33	28	28	25	36	31	39	25	29	34	26	35	36	28	30	37	37	32	26	32	37	28	25	33	20	30	24	23	39	34	35	30	33	29	33	27	22	35	21	26	22	25	22	28	32	32	25	29	20	31	31	34	31	27	33	37	24	25	36	31	24	35	31	28	33	21	21	27	35	32	35	38	32	29	22	36	26	28	41	26	29	35	20	24	24	39	27	27	26	37	32	33	25	25	27	41	25
28	24	25	38	29	49	31	32	35	31	32	24	31	26	33	38	30	33	26	38	26	30	31	27	42	27	33	27	33	27	42	30	34	37	27	20	43	32	20	24	25	33	27	32	16	25	27	34	32	25	31	23	28	28	27	30	23	27	36	26	35	33	32	33	24	24	25	30	29	30	28	27	42	30	30	31	31	43	25	30	28	25	25	35	33	33	36	27	29	31	23	23	35	31	23	25	20	25	32	23	32	31	31	31	37	24	27	36	32	32	32	22	21	31	27	27	32	38	33	31	32	34	23	28	23
25	23	28	32	28	26	31	32	29	32	35	25	33	33	39	25	34	40	21	26	25	23	24	25	19	30	33	29	30	21	22	28	27	31	40	26	28	35	34	33	29	29	35	17	23	33	20	34	35	23	28	28	26	22	28	30	21	20	41	37	36	29	27	27	29	28	34	36	35	26	20	30	26	23	23	28	33	29	25	34	35	31	31	31	29	33	38	34	34	38	28	38	41	26	29	26	25	35	37	35	31	25	33	34	35	39	33	28	35	23	31	40	28	28	30	30	24	28	31	30	34	24	30	33	30
29	27	23	34	27	27	15	47	30	30	22	27	28	31	29	26	22	35	35	30	21	32	37	37	46	26	16	40	30	28	29	28	30	20	22	33	31	38	32	22	34	37	30	26	28	29	30	35	37	30	29	29	22	29	33	29	23	25	31	27	30	31	22	33	29	26	34	23	39	29	28	25	19	35	34	28	27	32	31	41	31	31	38	27	32	24	31	36	36	27	38	27	23	38	30	28	34	17	34	32	36	33	24	39	38	28	24	24	37	26	19	30	39	28	34	26	30	30	28	24	37	34	35	29	37
29	30	34	25	23	32	27	17	34	30	41	27	26	36	26	26	28	38	40	34	28	28	29	30	29	38	26	34	30	30	27	41	27	34	26	29	29	39	37	24	23	29	30	37	26	31	35	29	33	24	25	33	26	27	31	31	31	30	27	33	34	29	35	23	33	30	33	21	32	39	28	41	40	20	36	19	28	26	37	29	32	29	26	26	40	20	27	28	34	20	33	39	21	26	32	31	30	32	25	30	42	34	28	36	36	34	27	39	34	31	20	36	24	22	26	30	51	28	28	28	22	31	21	33	31
19	26	33	33	38	29	30	19	33	27	34	34	29	26	25	30	43	21	42	23	33	31	37	39	33	28	22	26	25	26	26	34	22	26	28	32	25	33	22	19	30	26	43	34	26	33	21	26	26	24	18	31	38	33	28	29	28	25	34	37	28	24	33	38	29	40	23	24	35	23	28	32	34	35	34	38	44	31	24	30	27	20	40	28	25	36	36	29	32	33	39	37	36	36	34	40	30	32	28	30	32	35	26	38	25	25	33	28	29	31	27	34	29	37	27	30	33	22	26	29	20	29	34	22	22
32	28	28	24	25	37	40	42	32	39	29	31	37	27	25	29	27	28	23	36	23	43	35	17	33	36	24	41	27	19	32	21	31	24	29	22	36	30	32	30	25	37	22	23	31	29	22	32	30	35	29	26	25	27	29	26	17	28	30	32	32	31	28	32	28	38	21	24	30	26	22	21	34	36	28	30	32	29	37	24	33	32	28	22	24	32	23	24	26	29	39	30	42	27	33	38	33	34	29	27	20	30	34	27	31	34	33	25	28	38	27	35	22	43	20	29	28	24	27	25	30	32	26	38	18
32	23	34	32	39	36	33	36	26	32	29	27	36	24	28	33	39	25	25	33	27	34	21	26	24	24	34	29	41	29	30	28	33	33	30	28	27	32	35	28	25	32	28	28	32	37	36	29	27	37	25	34	31	39	31	36	31	36	28	27	30	19	30	28	26	22	22	33	23	32	36	35	26	26	28	28	30	31	27	30	41	26	37	38	38	39	35	31	32	30	36	25	32	35	25	41	38	30	27	38	25	29	29	27	28	28	29	33	29	31	27	34	26	30	37	30	32	28	33	25	22	39	21	31	21
27	28	27	31	26	36	40	27	28	20	36	34	41	39	25	29	33	30	28	27	42	17	36	32	28	35	32	38	32	29	40	27	30	30	39	24	24	26	31	27	30	24	32	25	29	28	26	32	32	28	36	23	30	28	30	34	38	24	39	32	21	29	27	28	24	25	38	30	33	24	22	25	39	35	20	34	22	34	43	35	30	38	39	18	38	27	31	38	42	32	34	37	28	27	31	33	38	28	47	31	31	35	42	17	26	31	34	28	27	23	32	25	25	38	27	38	21	38	23	40	29	35	31	28	27
29	26	29	28	29	24	24	37	27	32	38	33	25	27	44	36	30	26	40	24	35	29	20	19	33	35	36	29	29	27	45	25	33	41	27	31	41	17	30	17	29	25	31	31	38	28	28	35	42	38	36	40	40	30	37	28	30	24	32	39	20	31	33	23	26	32	27	27	28	31	25	28	37	32	30	34	29	25	30	30	33	37	26	27	33	25	32	29	35	39	33	36	38	33	35	39	38	39	26	34	25	40	32	30	26	23	31	34	36	31	32	38	30	30	33	29	29	24	49	39	33	32	38	31	32
24	32	32	27	45	40	33	33	31	28	35	31	31	33	35	36	21	35	36	34	29	24	28	28	35	37	45	35	17	40	36	27	32	28	38	35	23	40	24	30	30	47	34	38	30	34	25	39	38	30	36	35	35	29	37	36	28	31	30	31	34	28	32	36	35	32	25	28	27	39	28	37	20	31	31	37	33	40	26	35	30	35	42	32	33	24	34	36	37	36	32	34	38	30	40	46	25	32	25	35	40	24	40	27	23	32	36	28	37	32	32	39	41	37	32	37	32	21	27	34	38	27	37	25	28
40	33	26	24	36	32	34	45	32	38	35	33	38	41	34	23	35	37	31	31	34	28	30	32	30	38	35	34	34	40	32	39	31	27	24	36	31	30	32	17	21	35	45	34	34	28	33	28	33	28	29	35	28	31	25	24	33	35	26	31	31	34	35	27	29	31	41	38	35	23	37	25	29	37	40	27	32	37	40	29	44	41	39	30	33	27	34	33	38	26	35	38	32	27	40	26	39	37	34	34	40	35	28	28	37	27	33	33	36	27	32	34	32	40	29	35	22	25	42	28	25	34	33	30	23
28	38	28	39	33	44	34	36	39	39	41	41	39	36	32	35	35	38	33	36	34	32	34	32	37	33	41	37	29	32	31	41	28	30	21	31	34	33	38	37	36	44	37	29	34	35	37	44	25	22	28	24	32	19	31	37	20	34	30	36	33	30	37	43	45	28	33	36	37	37	42	31	33	32	35	34	27	32	39	31	36	43	44	32	28	39	29	32	32	30	40	44	31	35	30	34	27	31	39	24	36	39	38	45	36	27	29	36	33	42	40	40	33	38	39	24	28	37	33	22	31	29	44	29	33
32	34	35	42	33	29	32	26	36	28	30	34	36	43	36	39	31	33	39	33	37	39	24	36	37	41	30	24	38	30	38	27	32	23	36	28	38	46	30	33	34	34	28	35	30	30	41	28	29	32	25	33	36	33	33	26	36	29	37	35	32	38	34	34	34	32	23	40	22	35	36	37	38	38	26	29	46	32	39	44	47	50	39	39	39	36	37	43	28	36	36	57	36	34	22	33	17	22	31	34	28	28	29	23	36	26	37	27	15	34	31	37	30	28	29	36	34	19	37	36	40	34	27	40	48
31	35	37	41	41	35	31	34	29	33	33	42	30	40	35	34	38	36	29	40	32	35	34	26	40	43	31	36	36	27	42	29	36	32	34	28	33	38	37	26	32	22	31	25	39	28	28	25	39	36	34	37	39	42	33	40	42	29	34	34	35	38	29	25	38	28	32	41	32	23	35	39	42	33	40	39	25	32	44	56	33	46	43	50	43	51	45	33	42	33	37	49	47	46	32	29	49	42	34	32	30	45	40	30	35	35	33	47	31	40	34	36	38	31	26	40	35	32	44	33	27	43	32	24	33
27	34	33	26	41	39	42	34	22	30	29	32	40	42	37	38	28	32	35	35	26	33	29	34	31	38	36	34	37	29	36	40	34	43	32	29	34	33	33	36	35	33	31	39	37	34	37	37	34	33	30	32	30	49	29	34	43	33	33	31	23	48	38	37	37	31	29	29	26	30	36	33	25	35	37	40	33	29	39	50	53	43	39	53	37	56	32	37	48	40	40	46	32	51	38	39	25	39	32	39	33	42	40	29	33	42	30	24	30	28	39	33	35	33	36	39	37	35	34	37	36	37	37	45	23
29	38	36	33	31	51	26	35	38	38	46	36	36	34	38	33	37	40	36	32	21	41	36	32	33	31	30	30	29	32	42	51	40	30	46	31	37	25	39	36	34	36	29	36	39	32	46	38	26	38	32	36	35	44	33	30	34	38	45	36	39	28	35	25	34	28	35	33	51	26	42	45	40	32	33	39	36	33	57	39	61	44	39	50	51	40	38	40	35	47	35	38	37	35	41	37	33	30	39	35	37	40	41	40	38	41	40	34	35	37	30	25	32	33	39	46	31	32	27	29	29	46	30	31	25
34	36	27	23	30	45	40	43	42	36	45	34	44	52	33	43	38	51	31	40	40	34	38	31	35	42	35	33	47	34	43	30	31	23	28	35	41	35	44	38	43	26	41	37	25	32	39	47	32	22	39	37	41	30	37	31	42	42	30	40	31	33	32	36	32	29	38	31	34	26	37	30	38	34	34	46	27	36	45	58	52	55	53	47	37	40	44	44	42	31	42	42	40	41	37	44	45	42	39	34	38	32	43	31	36	37	32	37	25	40	37	23	29	47	33	37	37	35	27	38	35	36	36	41	29
42	30	30	23	42	42	36	30	40	32	46	35	35	37	33	42	38	26	31	40	32	32	33	47	39	44	39	47	39	50	37	33	36	37	37	33	25	46	39	30	45	36	37	28	38	40	34	42	28	47	31	32	29	43	37	54	40	44	39	34	31	32	37	44	43	20	36	23	45	33	30	38	34	36	40	38	43	46	37	34	55	47	59	58	50	47	42	42	38	38	38	34	42	40	34	35	43	39	41	42	22	39	45	49	34	47	47	33	30	34	46	29	30	33	30	32	42	36	39	38	39	36	42	51	31
34	41	35	38	34	32	40	41	39	37	51	43	33	29	41	32	37	35	35	43	39	30	35	34	32	22	28	28	36	50	44	36	36	41	44	35	40	35	36	40	36	30	31	27	42	38	36	44	36	39	26	34	42	43	30	39	37	40	42	32	41	23	28	40	33	41	23	47	37	39	53	31	41	39	38	52	30	35	41	38	32	53	55	56	50	59	58	43	50	41	38	41	39	39	34	24	35	45	42	48	45	37	35	36	38	35	37	41	36	39	45	50	46	40	50	35	43	31	36	30	40	52	38	44	36
38	32	27	38	35	38	39	31	49	36	50	35	33	39	39	48	34	35	40	33	46	47	43	39	44	44	38	31	30	35	41	40	43	42	52	38	36	32	38	37	42	42	40	41	38	47	32	33	44	47	42	43	35	37	39	38	27	40	34	29	32	36	25	46	33	47	45	34	37	34	42	39	43	48	35	37	33	42	53	46	46	48	50	57	72	56	54	57	64	42	40	43	47	40	40	38	41	26	38	35	31	52	45	42	42	39	34	29	31	30	45	44	36	45	41	40	41	26	36	25	31	39	43	45	27
57	39	32	36	51	40	35	40	39	29	40	38	34	37	39	37	31	36	42	37	34	39	33	36	36	40	46	42	47	45	42	30	42	43	37	37	42	31	41	29	32	35	39	30	38	32	27	47	42	35	31	47	39	35	38	35	33	38	37	47	52	45	37	28	35	38	31	46	44	38	34	39	28	37	43	44	44	33	37	46	46	51	55	53	47	53	44	60	54	41	38	37	41	42	57	43	41	37	45	42	48	32	44	39	39	46	26	28	43	38	50	23	55	43	31	34	37	51	42	32	42	46	45	37	38
36	34	45	35	47	41	47	45	27	37	37	41	40	39	34	44	52	34	44	33	41	36	51	47	44	28	39	36	38	42	36	40	30	42	39	38	32	37	34	37	39	41	36	58	35	41	44	28	43	42	47	44	50	40	34	33	38	23	44	47	47	42	31	33	45	40	42	41	44	29	45	42	39	39	36	38	34	58	35	48	48	63	53	49	59	59	57	48	53	41	34	44	39	62	41	33	45	42	41	44	36	38	33	44	33	31	43	40	38	48	43	48	38	38	36	50	36	46	52	27	46	35	36	39	45
38	32	38	53	42	46	40	27	43	47	36	33	33	46	44	43	46	39	50	33	37	34	39	48	40	50	47	48	36	39	39	42	38	46	40	44	37	35	38	34	33	38	56	32	30	49	39	32	39	40	37	38	32	28	33	37	37	45	39	39	39	42	40	41	41	36	48	39	38	36	39	28	47	43	36	45	42	44	48	60	51	44	59	50	57	58	59	47	42	43	38	47	36	47	28	37	42	44	46	37	49	38	42	37	43	41	55	33	41	37	37	45	41	38	42	40	40	37	27	46	38	33	35	33	33
34	49	44	45	47	38	49	53	51	44	37	41	31	34	28	36	31	26	46	42	40	43	55	44	40	56	45	48	37	38	49	41	48	51	47	35	37	44	50	49	42	41	48	40	39	41	34	36	41	31	40	52	33	46	41	50	36	41	45	42	36	43	41	37	40	34	38	28	37	35	41	34	46	35	48	53	58	39	50	44	51	54	61	66	58	57	39	60	59	46	57	51	57	51	52	50	47	43	43	39	32	42	51	40	38	38	43	43	36	39	38	33	39	44	45	42	54	41	37	33	45	38	48	42	46
25	34	48	40	45	43	41	52	44	51	45	47	41	45	44	39	44	39	38	38	29	31	29	57	42	36	34	50	38	36	38	50	40	42	52	28	47	42	48	34	35	45	42	50	47	38	56	49	42	42	41	28	33	37	57	35	40	41	52	55	29	46	44	46	32	57	39	63	48	47	39	47	54	44	57	38	48	57	46	51	40	42	61	55	46	57	60	49	44	51	59	53	41	34	52	51	40	49	43	40	48	52	44	51	37	54	46	39	38	36	50	38	30	38	42	43	44	40	47	45	40	47	39	57	44
54	39	32	57	59	42	50	51	35	53	43	44	36	48	27	41	38	39	36	52	44	50	46	39	44	42	39	48	40	47	44	42	42	48	43	34	34	36	45	48	49	56	37	42	55	40	47	47	50	49	56	38	36	39	36	42	34	43	47	41	47	46	53	52	42	44	34	39	36	36	46	41	42	46	46	29	56	49	56	52	60	59	56	50	53	61	59	52	62	54	52	47	42	42	49	53	36	42	45	43	41	37	45	35	42	56	42	43	46	46	40	45	49	42	44	43	37	48	56	48	47	39	34	38	47
46	48	46	43	57	43	45	44	51	45	49	43	36	61	41	56	37	48	45	41	43	53	47	43	31	48	44	55	63	54	50	33	44	36	46	48	54	43	43	47	42	46	43	46	51	55	37	52	52	42	46	49	57	47	33	63	44	41	44	52	44	40	46	36	45	42	37	60	49	50	51	36	47	46	48	50	64	65	51	61	73	69	60	74	57	55	56	54	57	46	34	51	46	63	40	43	44	51	36	40	37	56	43	62	54	52	53	55	38	47	40	41	59	46	51	43	50	50	56	54	60	43	35	51	50
51	49	36	46	59	52	49	54	54	47	64	55	55	43	52	44	39	41	47	38	41	49	41	52	47	48	41	51	52	60	46	32	47	54	37	43	48	45	47	49	39	45	44	48	47	46	39	58	45	39	44	36	36	43	34	46	45	46	45	46	50	42	56	49	42	62	36	47	45	38	43	57	53	42	63	69	65	59	65	60	68	72	73	70	67	52	49	54	42	55	65	53	58	54	47	50	39	47	35	45	39	47	44	43	55	47	48	50	43	39	37	48	51	37	45	56	41	39	46	46	50	56	37	43	46
42	41	35	43	40	56	45	55	50	62	39	42	41	53	46	58	54	37	49	44	55	54	43	50	47	52	49	41	45	48	38	46	48	57	50	44	42	46	45	52	49	43	46	36	46	55	61	47	55	41	54	56	53	49	52	62	48	41	32	43	40	57	36	43	57	51	43	55	44	39	29	49	55	42	51	53	52	72	81	82	84	71	87	54	56	55	51	50	66	54	57	47	40	59	55	47	49	59	58	43	61	43	52	46	48	59	50	44	44	53	45	50	54	51	52	55	43	53	47	39	33	45	45	54	45
58	43	42	38	54	52	51	55	45	47	44	50	51	49	42	45	51	58	57	40	49	47	56	43	43	53	54	39	54	51	51	52	43	58	53	45	60	52	55	52	49	45	58	42	52	61	53	44	57	46	51	47	47	59	45	48	61	46	64	44	47	49	48	55	48	48	52	51	51	45	40	45	47	53	58	45	64	73	95	85	89	82	75	71	67	53	57	53	54	51	39	56	44	55	49	46	45	42	46	56	50	41	53	59	44	48	54	52	56	39	49	46	47	55	55	49	43	63	57	41	49	44	46	59	51
53	38	54	58	50	55	52	61	60	53	61	40	70	49	54	38	48	44	44	48	44	45	50	50	63	48	57	57	40	56	52	45	63	51	49	50	58	53	51	51	44	57	59	52	52	57	56	50	53	47	48	42	62	49	49	50	65	52	53	51	50	45	50	61	62	55	53	50	46	38	47	59	66	54	61	62	64	81	81	73	80	86	87	77	45	41	59	69	49	52	54	63	40	58	42	45	46	46	50	42	48	54	59	55	57	57	51	47	49	46	53	51	51	51	46	54	54	53	49	54	51	53	38	50	49
57	53	56	48	61	44	51	49	49	66	55	62	50	53	59	55	64	59	58	53	42	61	43	56	67	47	52	50	54	48	58	62	54	56	50	67	63	49	54	38	54	58	57	53	48	50	52	63	60	62	47	47	60	50	52	42	35	57	53	73	51	61	66	60	50	49	67	50	49	53	45	51	38	52	61	50	50	63	71	84	89	100	86	79	61	68	58	59	61	45	54	56	63	48	46	44	54	58	58	55	44	58	43	50	46	58	68	47	63	66	51	38	58	50	56	64	49	52	58	44	53	52	52	54	48
46	59	59	58	58	53	41	50	53	54	35	61	56	53	70	68	49	42	69	56	48	57	53	46	65	47	54	54	53	41	67	64	65	46	56	56	57	59	58	60	54	73	49	39	53	51	44	44	52	60	57	46	59	59	66	51	34	52	55	64	64	46	64	59	54	56	45	58	57	46	42	49	43	62	65	59	52	72	72	78	103	79	83	98	70	71	52	64	59	66	63	74	62	57	49	45	42	51	41	44	55	45	43	55	59	64	49	58	59	60	45	51	50	63	56	43	61	50	62	53	50	67	59	51	58
58	43	54	52	57	52	49	61	67	61	55	59	65	62	53	75	58	59	45	47	60	80	62	63	55	70	49	64	59	61	49	68	58	62	61	50	52	55	59	48	50	45	52	65	63	62	63	47	65	67	55	46	45	49	66	63	56	58	52	51	59	48	55	52	79	67	49	44	58	52	56	58	61	56	62	46	59	62	63	85	99	93	81	76	80	83	62	62	58	56	49	64	53	73	59	59	47	55	47	56	53	56	58	55	67	51	50	61	51	42	50	46	47	68	56	48	57	56	58	54	66	55	65	63	47
49	68	44	44	58	67	63	64	59	52	59	59	54	57	56	69	63	62	54	66	48	55	69	54	64	62	44	58	55	65	44	58	70	47	69	47	67	51	41	64	53	45	60	62	60	42	55	70	70	64	60	57	58	71	59	58	81	52	68	54	53	52	69	62	63	56	65	56	62	55	74	59	52	57	67	64	57	79	66	70	96	92	75	62	70	64	74	66	51	62	59	55	46	54	52	52	62	66	64	68	63	50	58	53	60	52	57	53	67	45	68	63	53	59	53	53	71	65	52	52	55	76	54	58	58
60	52	58	57	51	59	57	70	61	54	59	62	55	57	62	50	51	68	53	63	45	61	55	61	57	63	62	65	62	63	51	70	86	64	64	51	59	64	66	73	70	56	74	60	64	48	58	47	55	50	58	55	49	57	50	65	60	58	45	60	62	63	52	52	61	52	66	65	54	62	84	54	69	60	59	56	53	52	65	70	77	83	68	59	65	67	61	60	66	57	62	57	52	64	56	56	67	55	62	72	61	57	58	64	57	65	73	76	68	60	68	49	69	46	48	56	47	73	69	68	70	72	60	62	49
61	64	73	69	59	65	59	68	74	47	64	71	67	66	67	56	65	56	52	59	69	58	56	65	69	59	75	66	61	82	49	67	68	70	54	86	70	56	62	73	76	49	72	57	55	69	59	59	59	52	64	67	62	57	62	51	67	44	66	54	67	69	63	53	55	64	56	78	57	67	80	53	63	62	59	69	64	61	60	53	78	72	66	77	63	73	68	71	71	60	48	80	88	47	58	57	64	58	64	53	66	63	62	60	56	67	66	67	62	60	69	60	56	83	59	46	66	62	45	66	55	64	67	56	61
45	78	61	71	68	59	67	75	59	68	58	52	56	48	75	78	93	61	65	60	55	70	59	68	73	75	52	82	54	55	62	65	64	72	62	64	61	63	45	72	59	66	68	74	70	71	72	76	53	75	59	65	79	72	55	60	60	63	58	61	69	46	55	74	59	65	66	57	69	69	49	64	68	68	68	74	70	65	73	57	55	61	73	74	79	70	63	65	69	56	64	62	61	76	63	59	59	62	78	67	67	64	70	64	54	75	59	68	71	49	48	77	74	57	59	81	67	67	61	52	68	56	63	61	54
61	75	67	70	73	71	68	68	78	56	75	56	56	53	68	71	61	73	78	63	64	69	70	61	74	67	73	65	64	58	76	58	56	66	68	67	60	67	75	74	65	58	64	71	63	60	54	65	74	71	81	80	66	76	80	74	53	61	66	58	65	60	84	68	47	89	78	85	66	62	69	63	53	76	69	73	63	78	64	76	71	70	80	71	57	71	54	76	69	69	61	74	56	73	62	63	59	65	74	70	70	60	68	63	68	76	63	72	63	62	64	71	67	69	70	72	64	62	62	55	56	64	54	79	52
70	61	63	66	66	44	79	67	75	71	72	68	61	74	86	56	71	62	55	57	77	80	56	78	75	70	73	72	65	71	67	65	61	70	66	73	71	56	61	76	69	71	53	56	75	78	81	66	52	57	66	79	61	82	75	64	54	79	74	69	70	68	70	57	74	66	72	64	58	74	80	71	65	56	54	78	69	58	73	76	79	78	69	69	67	59	71	77	73	56	79	71	63	64	63	73	60	66	58	64	64	63	70	69	80	64	80	68	69	79	58	73	51	61	84	64	76	69	70	72	62	71	58	63	64
70	59	58	70	58	76	58	65	78	66	77	65	77	69	68	72	70	78	57	75	67	79	73	67	71	71	85	68	64	72	90	57	58	63	75	75	70	55	76	63	68	75	70	76	64	71	65	70	68	65	80	82	68	69	64	64	66	64	59	66	59	76	68	79	66	69	79	65	59	69	72	66	60	58	47	42	53	72	70	83	65	71	81	70	81	76	85	60	78	58	66	68	64	62	71	73	66	84	63	65	51	68	81	50	57	74	64	74	69	79	55	85	57	59	69	77	85	83	68	60	66	64	71	73	76
62	63	76	62	77	70	64	67	75	82	57	74	82	68	77	65	70	66	66	62	68	73	57	60	62	59	71	74	68	71	76	71	62	59	74	72	71	69	66	57	81	76	70	81	60	52	68	70	61	77	69	68	76	71	55	67	77	81	66	62	53	75	59	61	70	68	70	71	52	64	78	83	63	56	71	78	67	87	85	76	64	75	81	81	75	68	61	80	59	80	80	59	71	77	64	82	58	73	74	70	82	77	78	69	63	67	63	72	60	68	61	65	60	64	57	63	76	64	62	64	63	50	69	60	59
73	67	74	61	77	67	64	83	66	72	73	82	72	65	75	66	77	75	58	60	67	74	72	66	74	68	81	66	59	69	81	82	70	61	65	78	68	65	77	77	73	74	80	85	76	62	83	63	74	72	67	63	80	76	58	67	64	58	75	70	75	67	68	71	79	60	66	58	73	77	70	73	88	72	71	70	76	57	75	60	78	64	67	62	71	72	71	76	74	71	85	68	71	61	69	71	89	63	61	70	71	69	70	72	69	66	77	70	61	63	69	71	71	85	60	69	84	87	79	80	58	83	72	81	64
75	82	85	70	69	52	73	74	64	68	76	66	58	67	73	71	89	66	74	75	74	81	57	76	76	86	60	65	63	74	60	82	62	82	64	61	59	76	70	74	77	66	64	79	74	69	77	64	72	58	70	69	77	70	76	79	61	67	73	88	72	71	68	84	79	74	68	67	69	70	80	83	81	50	80	70	65	61	69	74	74	67	78	85	78	72	69	71	63	68	56	59	64	73	65	61	76	69	82	62	57	66	50	73	57	70	76	86	69	61	73	77	75	72	58	61	70	59	81	87	61	67	63	66	58
69	64	64	69	73	65	83	78	81	85	62	73	70	77	79	73	71	80	70	83	84	68	73	91	58	76	71	68	71	68	70	67	57	70	73	66	103	69	68	82	63	74	66	61	70	72	79	86	68	61	70	72	69	70	50	71	61	63	80	82	61	58	58	71	83	75	65	67	88	71	76	67	71	84	68	74	85	60	72	76	73	65	47	88	80	76	63	81	69	74	58	73	70	61	75	68	85	74	83	80	67	64	76	87	72	80	75	85	63	83	79	71	81	71	63	70	58	75	97	73	72	52	74	78	64
56	91	67	58	82	68	64	72	79	76	84	72	67	66	64	71	71	73	51	78	71	75	58	81	60	70	76	82	69	70	86	71	59	67	61	67	80	72	74	60	70	70	77	68	83	62	81	78	61	55	74	66	71	50	57	70	80	66	75	63	58	84	70	79	67	64	68	74	79	78	62	56	72	72	64	70	65	76	79	62	93	74	81	91	71	63	71	74	93	80	83	70	64	91	97	72	58	87	75	66	62	75	73	80	69	76	78	83	72	60	75	72	60	73	77	80	73	74	80	74	62	67	63	84	59
59	68	70	67	73	69	72	80	58	64	56	63	84	70	74	60	79	66	72	65	71	69	71	77	77	70	67	70	88	62	70	64	69	76	59	57	74	64	80	75	69	66	75	65	63	63	86	72	70	76	69	68	66	63	62	69	70	51	62	59	71	75	72	70	73	61	65	79	67	60	75	80	70	76	57	68	59	66	78	55	66	61	68	68	60	74	59	80	49	73	69	87	67	64	71	54	68	45	74	61	69	59	58	66	60	65	69	73	65	70	66	69	65	68	63	65	62	69	53	72	70	74	69	60	77
