37	56	42	43	47	50	35	49	49	58	43	50	47	60	63	56	49	69	53	53	60	79	72	69	76	97	82	87	78	74	85	62	75	66	66	48	51	45	39	60	46	48	46	56	44	44	51	41	54	52	60	51	52	52	50	52	46	46	50	47	36	42	42	47	39	47	41	41	40	61	54	39	39	53	44	48	41	47	38	44	51	45	39	33	52	38	45	43	44	41	40	58	57	43	44	41	50	51	52	58	36	35	51	40	59	38	36	45	53	46	45	44	39	45	56	46	50	35	35	44	38	43	45	43	37
52	53	43	42	55	50	49	63	50	57	51	46	56	42	42	58	52	69	48	60	64	70	76	64	81	91	90	89	70	79	75	59	62	60	67	50	58	66	54	48	46	54	45	53	49	47	49	50	46	41	50	56	54	53	33	47	48	51	54	46	55	54	42	46	42	48	54	43	47	45	34	45	42	48	45	49	39	45	42	44	44	47	47	48	46	40	48	43	55	53	49	58	47	54	53	57	44	50	43	55	56	49	43	51	43	48	50	58	38	50	53	50	38	50	43	43	42	40	42	43	44	46	41	43	47
41	40	60	58	40	54	56	63	51	54	41	49	56	57	68	64	47	70	72	82	64	63	84	79	80	80	76	105	87	78	61	70	70	64	49	72	65	42	46	55	41	59	42	58	37	45	61	60	48	54	43	45	52	55	52	37	45	38	45	43	49	40	52	42	40	39	48	40	46	39	39	55	50	44	44	54	49	51	42	58	42	42	38	36	52	50	50	44	57	52	52	45	38	39	41	36	42	50	50	50	44	48	41	47	37	57	39	39	44	41	37	53	47	47	44	46	49	50	55	45	45	49	54	37	35
56	34	50	62	47	54	49	54	51	58	57	42	71	51	43	51	53	70	66	81	76	65	67	84	96	77	86	80	76	84	77	81	54	63	65	54	67	52	37	42	51	57	46	51	52	45	54	58	43	45	49	32	45	49	47	41	50	56	53	39	49	40	55	53	40	59	46	58	49	57	41	39	49	43	57	47	41	59	48	46	52	34	44	53	44	43	37	46	53	53	40	44	46	57	64	52	51	49	49	59	40	47	43	47	60	37	60	35	42	54	41	53	41	46	53	44	39	38	37	36	49	51	45	59	46
44	47	47	52	52	61	63	49	58	49	61	55	58	67	46	64	75	76	67	74	69	85	97	76	88	89	83	86	68	80	65	76	58	44	62	54	45	54	57	47	61	57	62	53	43	46	53	44	56	50	45	48	48	54	46	58	49	50	50	52	46	53	55	57	52	47	57	47	50	47	40	44	52	48	53	39	48	41	46	41	34	45	50	46	47	49	38	42	45	36	41	45	48	51	46	44	46	50	52	39	41	54	50	48	56	49	49	44	43	51	50	38	54	41	52	48	40	57	50	37	61	48	48	40	31
46	48	54	52	45	55	45	58	60	60	55	52	41	57	67	73	82	78	79	73	81	95	86	95	99	85	92	82	70	63	78	64	57	51	59	59	46	61	44	52	55	40	40	43	56	50	51	40	51	55	64	49	41	64	56	59	46	57	40	53	58	51	44	63	59	48	41	43	54	58	63	44	43	48	48	52	57	44	48	49	54	52	35	52	36	47	47	43	47	49	55	45	61	40	40	49	62	56	56	56	41	59	53	51	43	58	50	55	40	60	49	52	35	47	47	45	58	42	55	51	38	51	47	42	47
52	56	57	53	59	44	55	65	60	58	65	63	66	49	70	74	80	85	95	85	83	90	91	86	90	88	81	96	73	57	66	63	51	45	55	60	39	54	61	56	41	58	48	49	53	50	49	59	52	61	49	65	47	59	48	56	50	51	56	46	43	45	53	50	52	42	54	59	46	41	53	45	44	43	62	64	56	51	43	48	59	57	40	60	67	60	47	60	55	47	50	45	59	57	47	49	52	53	43	37	52	55	53	44	35	46	50	53	47	54	54	55	51	49	50	41	47	56	41	58	45	50	43	48	49
56	61	73	52	52	51	60	42	58	56	67	61	62	55	75	78	105	76	92	100	98	110	108	92	83	70	87	83	57	65	72	73	56	51	47	63	50	47	45	52	58	58	55	40	59	50	50	65	54	57	51	42	57	55	52	63	42	54	45	63	44	63	45	55	46	54	46	46	47	59	48	51	55	46	55	53	52	53	45	44	50	63	43	35	55	54	40	55	49	46	40	50	48	48	54	57	45	58	48	62	45	55	56	47	48	39	43	57	59	48	46	53	65	53	49	44	44	59	58	62	58	60	50	53	46
53	56	60	44	50	63	62	56	64	60	60	63	71	80	81	93	97	91	93	102	127	96	96	103	94	93	84	75	67	80	53	64	66	57	51	62	72	50	52	58	60	52	55	58	38	48	49	57	47	66	47	52	47	70	53	41	45	51	68	66	52	44	51	59	56	45	58	56	56	69	58	57	54	60	53	62	43	67	56	46	40	46	46	50	47	47	60	43	48	50	59	60	58	58	35	51	43	53	49	56	63	50	56	52	45	52	49	55	56	55	37	49	41	41	52	43	51	48	54	47	55	46	52	61	51
56	63	52	55	55	61	50	55	65	54	60	73	92	92	96	84	101	110	103	93	115	104	107	90	97	89	79	60	69	68	51	65	57	51	61	68	62	60	55	54	49	48	69	64	59	46	55	49	53	50	46	53	63	51	64	60	63	51	57	63	55	50	51	47	50	43	49	50	60	58	52	38	64	49	51	50	49	56	54	48	48	44	46	55	41	50	46	47	46	47	54	48	52	53	59	48	65	61	56	52	55	53	49	41	43	51	49	44	44	48	54	57	73	50	50	39	54	58	55	55	54	52	53	59	49
65	56	57	60	54	73	58	66	55	59	73	67	88	78	89	98	99	105	104	114	107	115	99	87	94	80	76	80	59	55	64	68	54	56	74	54	55	43	36	60	53	55	66	49	51	66	38	52	54	66	54	62	47	52	51	50	62	55	62	58	67	63	54	57	50	67	51	57	59	61	58	55	56	63	54	49	50	53	63	65	49	63	54	50	53	57	52	45	44	56	57	57	62	50	71	51	68	50	51	46	53	62	63	53	62	50	59	48	52	50	43	57	55	51	62	55	57	53	52	53	61	46	36	65	44
52	70	70	75	55	67	54	69	79	76	80	86	82	90	102	91	102	96	122	128	114	135	105	99	83	79	63	73	71	56	62	58	47	61	49	77	53	53	56	56	76	58	45	50	57	62	58	60	56	52	55	58	52	52	56	53	61	53	55	41	60	61	62	45	49	50	54	55	63	53	60	44	54	58	44	48	58	53	54	44	52	56	54	65	65	57	47	58	60	53	47	55	44	51	53	48	54	40	51	68	41	63	53	48	62	49	50	42	51	38	55	73	47	58	56	62	44	42	44	65	57	57	61	50	50
78	72	59	61	85	72	59	82	69	81	82	85	91	92	103	100	116	114	111	130	114	100	111	94	99	80	75	67	69	73	67	65	81	62	53	46	61	53	46	61	53	59	62	59	57	64	58	62	53	32	46	61	60	57	64	51	41	68	62	53	54	50	63	54	48	72	55	54	51	40	58	63	48	46	59	67	55	58	45	40	60	44	69	62	59	53	47	66	52	58	52	51	54	58	60	59	55	63	52	54	43	67	56	61	61	47	44	47	43	50	53	62	66	70	43	41	62	38	53	65	53	59	59	54	57
80	77	56	78	78	96	80	62	58	76	98	86	98	94	125	123	131	137	127	132	106	117	106	92	89	88	68	56	68	64	66	47	59	62	51	61	66	49	68	61	46	61	45	71	52	68	48	55	45	54	48	54	53	47	46	71	65	55	57	52	46	71	69	55	72	51	48	55	56	60	57	62	62	73	37	46	53	69	50	57	60	61	55	62	71	75	44	38	34	60	51	40	51	49	50	58	56	48	51	52	49	50	48	49	51	48	47	57	47	45	78	47	43	62	52	51	50	68	51	44	55	53	51	56	56
82	94	88	70	94	83	80	97	82	90	84	90	110	117	113	121	130	120	135	114	118	100	102	98	85	82	76	64	62	74	70	62	63	66	55	54	71	62	57	49	61	60	57	69	53	53	66	60	50	50	52	67	68	44	58	67	45	49	53	57	56	53	54	55	57	56	57	71	63	60	70	65	74	45	45	53	69	62	59	43	62	58	49	51	53	55	52	49	57	64	50	77	53	50	65	43	47	63	61	67	61	53	55	68	60	57	65	50	59	54	55	62	68	53	61	62	63	57	49	57	57	55	45	50	58
78	74	89	99	88	95	74	98	110	96	105	117	106	125	126	146	136	117	123	122	114	126	75	96	72	76	94	58	64	68	60	63	56	64	57	56	69	63	69	63	63	63	68	60	58	73	59	65	49	73	60	55	59	52	59	59	57	56	47	60	58	64	67	59	63	57	69	48	56	51	46	60	61	55	61	68	60	55	53	53	61	48	58	54	61	77	58	55	51	50	73	54	52	45	50	60	59	63	57	50	49	43	48	46	41	66	71	60	67	50	51	64	58	53	62	69	52	61	53	61	55	58	59	63	56
78	82	110	103	99	90	108	130	105	130	107	116	137	115	163	148	128	140	137	108	125	101	80	77	71	78	98	73	67	71	62	52	53	73	70	60	60	57	54	56	57	60	52	67	53	47	61	68	58	63	54	66	59	70	57	75	59	65	66	55	59	52	73	56	58	65	53	59	56	87	49	68	57	62	52	63	64	62	73	55	68	74	58	64	48	49	66	65	62	55	69	52	57	54	54	58	46	45	59	55	46	73	44	65	42	61	56	56	45	48	62	57	56	60	56	60	47	44	66	57	56	59	54	53	48
84	101	117	118	110	98	151	138	152	132	138	148	151	153	157	146	152	136	122	128	110	93	84	87	83	72	72	62	66	72	65	61	62	60	62	65	60	82	64	59	71	66	65	57	57	64	68	56	66	60	57	66	65	63	73	58	62	69	60	54	53	68	67	43	66	45	62	61	62	57	59	50	50	63	63	56	56	60	75	59	66	46	55	54	77	55	59	51	62	53	73	58	56	47	60	56	53	45	69	43	48	53	74	56	72	49	68	61	71	57	65	64	67	70	63	67	60	59	55	54	68	59	62	62	61
86	94	92	144	154	154	155	186	157	153	171	190	181	143	168	134	114	137	129	120	107	96	97	80	84	69	75	70	58	60	69	75	67	63	70	55	67	53	57	62	62	63	64	65	52	67	71	71	71	67	74	56	54	57	66	60	67	66	61	54	64	58	52	63	63	74	59	75	63	63	57	66	64	61	70	77	57	64	71	63	68	56	55	69	65	75	66	67	61	73	53	63	72	63	68	60	72	66	57	59	71	55	63	72	61	79	79	59	75	57	52	55	75	76	69	63	56	55	76	71	66	58	63	60	63
75	103	106	126	185	187	214	241	194	230	189	200	185	162	146	147	120	120	118	112	94	111	92	81	79	77	74	92	63	55	69	65	55	62	78	79	74	80	64	71	70	70	66	59	66	63	56	57	69	58	65	69	61	79	69	68	66	64	72	66	73	62	75	85	73	66	62	59	67	76	67	64	62	61	59	62	75	45	59	75	68	58	73	64	61	67	61	55	70	72	63	65	72	68	69	55	57	67	46	49	71	69	82	67	64	67	61	69	65	62	61	72	67	66	61	64	41	68	57	74	67	61	56	66	51
68	99	117	108	174	217	257	298	274	246	241	237	225	190	184	149	168	144	116	107	107	100	86	96	82	79	63	66	57	66	72	74	59	66	62	64	70	57	61	64	63	57	79	63	65	74	71	75	66	71	63	73	68	69	75	52	64	74	74	63	70	68	73	57	71	63	70	77	62	77	65	66	63	57	48	53	82	53	48	78	51	61	57	78	61	69	74	71	75	56	51	68	67	51	69	55	65	73	69	61	66	55	67	78	69	58	58	63	63	55	54	80	75	68	63	71	66	74	59	59	71	69	81	67	64
93	94	106	153	178	231	319	339	335	327	247	265	230	212	189	178	132	132	127	109	109	86	75	88	89	90	68	85	91	74	80	59	64	65	72	67	73	51	64	70	70	71	64	76	65	91	68	58	58	64	78	61	60	57	80	67	57	55	60	75	65	67	80	71	54	65	56	74	61	69	71	76	68	53	80	55	77	71	58	49	75	60	70	57	63	71	56	50	68	57	65	74	61	86	67	64	64	63	72	57	70	70	59	66	64	68	64	51	84	62	62	72	66	75	64	65	77	53	72	72	61	71	55	71	67
81	104	122	148	178	226	309	359	438	386	377	327	276	229	200	180	172	131	106	103	86	99	79	74	81	84	74	83	68	65	65	74	85	61	87	82	74	76	74	72	59	56	73	76	77	66	79	65	74	77	75	69	61	67	80	58	60	77	83	76	67	63	77	86	63	53	61	70	55	78	66	65	64	71	85	56	73	71	78	70	80	58	72	84	73	66	72	78	67	70	75	69	63	84	66	72	67	61	72	72	82	63	68	69	71	63	72	55	71	80	65	70	77	71	69	66	78	62	72	71	51	69	76	67	64
96	111	91	115	167	216	321	395	454	443	381	320	245	206	216	167	143	120	123	113	102	94	93	86	89	69	75	70	67	68	58	74	79	82	81	65	74	59	73	75	62	72	74	82	80	69	92	85	74	64	70	70	65	60	78	48	67	65	70	83	93	80	74	68	78	60	66	77	67	63	68	74	73	60	70	76	83	68	75	67	62	57	55	55	61	74	66	90	68	73	72	65	69	65	69	60	70	58	80	71	63	67	65	68	74	70	64	65	66	68	70	70	80	61	76	74	60	87	73	65	74	82	89	63	72
90	104	111	135	166	180	280	342	422	453	438	372	287	219	189	176	135	130	121	117	111	99	92	78	75	69	72	96	82	94	85	70	75	80	73	82	61	68	81	67	78	83	81	66	75	60	78	68	79	75	70	73	51	71	66	70	77	66	69	71	81	81	63	59	69	69	80	57	61	59	82	60	66	67	77	73	68	62	80	71	82	69	64	76	84	70	68	66	78	63	69	73	86	75	71	79	89	57	79	72	65	65	84	76	64	71	78	70	61	87	73	69	69	70	68	67	65	68	77	68	70	68	81	73	65
111	114	116	134	126	169	241	352	397	427	460	397	304	235	184	160	147	112	115	85	99	109	90	93	83	73	83	65	79	73	68	82	79	82	80	76	71	87	80	71	71	80	84	63	79	87	69	66	89	80	66	65	78	56	82	65	71	62	80	78	75	64	73	67	60	71	69	63	83	80	72	83	75	70	92	73	70	61	58	70	75	66	72	64	79	70	52	65	91	61	71	81	69	76	69	76	65	55	79	77	85	78	75	76	58	72	81	74	60	64	78	84	69	86	74	63	74	63	78	83	73	69	82	77	65
116	103	108	126	139	182	233	328	426	465	495	396	322	244	186	141	126	138	99	88	79	94	88	74	74	86	74	78	65	83	83	71	81	80	67	71	78	78	70	84	82	80	69	69	74	75	66	84	78	84	70	77	73	89	74	89	67	54	68	83	63	66	76	72	95	46	67	66	66	77	86	92	71	75	72	71	73	56	70	83	78	80	66	63	90	56	69	85	54	56	69	58	58	68	75	61	79	71	82	75	71	61	71	73	60	77	69	66	71	79	76	76	70	70	65	78	79	70	71	65	83	77	69	64	68
103	112	98	140	136	181	225	287	402	417	414	372	300	239	225	162	133	127	103	95	88	75	69	68	62	63	77	73	83	76	58	77	69	79	73	80	82	76	57	67	74	76	74	73	76	60	76	70	69	62	98	63	79	73	67	84	61	77	68	76	76	79	74	57	75	68	68	67	65	67	67	66	66	61	75	75	89	65	61	66	77	68	83	57	80	63	73	87	76	75	73	72	55	60	69	57	68	79	69	65	75	71	65	59	64	57	67	70	60	82	60	69	83	79	63	71	79	69	61	76	59	72	67	66	57
137	151	133	136	171	170	231	264	330	386	388	374	301	226	188	123	94	124	103	98	95	97	79	79	74	60	80	68	74	77	60	79	65	70	80	79	83	72	55	77	76	85	58	59	80	80	65	81	68	86	79	58	61	81	77	75	75	67	66	67	73	64	80	89	93	71	65	63	63	76	62	66	69	61	68	46	71	71	71	69	75	76	81	74	82	64	69	71	68	60	72	65	63	69	67	74	66	72	75	71	62	68	77	63	69	73	62	66	71	65	70	53	68	87	71	79	68	78	74	70	54	69	68	52	57
136	159	155	185	209	210	231	258	324	341	299	329	249	207	169	131	112	97	109	89	92	73	92	82	74	68	56	65	76	77	80	75	70	69	65	70	74	72	73	58	64	55	85	68	72	82	95	85	68	62	67	70	67	76	68	51	95	68	59	66	66	72	65	70	71	68	85	81	65	74	61	88	64	65	60	60	80	65	65	73	64	62	75	58	56	74	63	64	79	67	70	64	76	67	68	79	75	63	66	86	57	71	73	58	67	56	80	73	76	91	69	69	67	69	81	59	55	73	79	76	79	63	66	59	77
159	179	210	260	274	296	290	307	304	348	330	308	206	192	183	131	105	97	76	68	100	94	86	95	72	66	72	75	74	66	74	74	65	68	68	59	72	63	80	87	74	75	63	66	75	72	66	67	56	86	75	71	93	77	74	55	63	83	83	68	65	78	69	70	70	76	71	65	81	73	80	69	57	96	76	59	58	68	59	64	49	88	71	72	79	67	65	81	67	74	74	59	83	65	68	66	70	90	73	64	83	59	79	67	79	74	65	69	77	65	71	60	70	88	80	57	67	68	68	86	78	54	73	79	70
164	198	249	316	396	381	341	345	277	297	290	249	196	175	162	133	109	89	82	84	88	71	63	58	72	73	69	64	68	72	88	61	67	72	78	59	70	75	75	69	70	71	76	88	61	82	68	92	74	76	88	62	79	72	71	82	77	70	91	61	82	73	68	81	69	84	72	73	66	63	61	70	90	74	65	65	77	70	67	78	68	64	62	85	69	62	85	63	65	74	70	57	91	75	77	78	83	83	79	73	60	66	67	75	65	68	71	78	63	74	70	79	76	76	64	73	73	81	85	67	66	68	63	77	75
171	204	296	438	496	477	414	329	309	300	243	213	188	171	150	114	102	96	94	89	84	90	83	93	67	86	78	73	77	72	72	77	70	64	90	77	69	76	66	84	84	75	67	74	70	78	76	66	77	74	64	73	82	80	75	81	86	73	81	91	85	94	72	59	80	60	82	66	81	77	76	78	60	71	78	68	79	76	87	68	80	75	73	77	64	72	72	69	76	70	59	73	80	74	79	71	63	74	65	83	72	70	82	80	85	80	73	75	78	80	67	73	67	85	77	87	85	78	68	65	68	75	69	59	78
165	236	354	482	611	609	488	433	369	312	261	208	165	142	122	107	81	89	89	92	74	92	80	70	58	69	79	100	79	81	74	67	90	72	82	78	83	87	87	74	67	93	68	81	76	82	73	81	75	66	67	82	59	86	78	75	81	91	65	82	77	55	66	59	89	74	59	82	66	74	83	72	73	74	65	77	88	78	66	78	88	80	83	84	59	60	61	86	72	77	85	84	74	58	68	90	67	90	75	79	80	79	84	67	72	72	74	86	82	74	78	79	83	56	67	79	84	77	75	78	80	79	77	73	76
156	209	351	488	654	730	621	533	399	308	260	192	151	147	127	104	117	87	97	75	88	86	72	66	80	78	83	71	94	96	90	87	74	72	79	67	73	92	80	75	51	58	83	60	70	76	57	85	91	86	69	67	81	78	78	77	72	87	63	61	67	78	75	76	76	73	70	82	62	95	71	86	75	84	66	65	81	76	66	76	84	79	78	62	73	75	71	67	87	77	67	62	76	83	66	93	71	83	101	75	89	68	63	66	63	77	88	61	76	57	62	74	82	71	81	79	88	68	75	82	82	89	64	64	62
135	180	318	468	614	748	762	584	481	344	277	200	134	148	134	98	115	98	93	94	77	73	76	80	76	73	66	88	78	83	70	75	74	60	97	74	73	74	77	85	69	72	75	73	79	74	78	99	71	87	79	82	66	82	67	61	88	74	73	74	93	77	73	71	89	89	88	71	71	69	71	68	83	66	74	83	84	72	81	96	77	77	75	79	75	71	61	53	91	81	87	71	58	68	72	58	81	73	85	78	75	78	65	69	71	57	59	74	77	78	82	70	73	73	72	70	80	72	78	74	91	65	83	81	72
115	160	254	437	618	683	747	646	446	369	270	214	165	144	94	111	94	72	91	69	75	86	67	86	62	81	90	71	82	84	86	78	79	79	62	75	72	70	64	70	80	62	66	70	75	71	67	92	74	67	76	70	88	74	79	60	76	82	83	64	96	88	80	81	81	67	74	85	63	70	70	87	67	68	84	70	86	64	62	67	77	73	76	78	66	77	72	80	76	84	78	86	66	67	65	66	77	82	66	84	67	72	77	63	99	66	61	74	67	66	70	79	73	73	67	80	56	62	66	73	79	69	65	64	80
98	138	216	344	530	683	688	626	461	325	257	168	159	110	107	123	106	77	90	81	63	74	65	70	69	86	74	74	69	77	59	63	81	66	68	69	56	58	85	77	77	89	74	55	67	66	81	65	89	87	58	73	82	81	78	75	64	57	60	75	83	61	66	56	82	60	91	65	59	83	66	59	71	92	68	71	70	83	59	81	64	76	72	72	69	69	65	74	78	62	76	68	70	65	65	77	77	60	86	78	56	76	74	69	80	74	59	63	80	68	68	80	59	62	83	81	63	76	71	68	59	59	75	68	82
82	115	191	271	388	529	591	490	391	294	222	167	131	118	81	92	82	75	78	64	78	67	57	63	75	65	65	72	64	51	69	68	59	80	73	64	57	68	68	68	55	65	65	66	59	77	60	67	76	78	55	57	63	77	67	75	67	72	66	63	66	66	66	86	70	64	60	73	69	62	76	66	61	64	63	61	63	79	77	55	69	72	68	81	60	66	48	58	67	62	63	56	67	62	50	65	61	48	62	69	60	65	68	62	53	70	72	64	61	60	67	69	71	77	48	64	69	68	65	61	57	61	76	63	60
85	79	137	207	319	398	411	413	350	277	172	150	120	106	101	87	72	67	50	70	60	64	78	59	70	74	87	71	69	66	65	71	71	66	63	76	58	58	65	50	53	66	62	61	54	62	63	57	65	69	66	63	57	70	59	68	58	61	51	71	64	69	74	67	69	57	68	50	59	57	57	62	60	77	70	62	47	69	60	55	55	63	51	78	62	47	68	53	65	72	57	62	61	62	71	48	64	56	54	63	64	68	58	51	51	71	58	60	65	51	56	60	58	58	64	55	59	50	59	63	56	62	57	61	66
66	86	96	154	212	284	335	328	282	200	181	137	113	77	84	81	58	53	67	55	60	62	70	48	69	52	64	63	62	57	67	63	47	55	61	62	55	66	53	66	64	62	55	61	53	55	59	60	77	69	66	60	63	51	60	63	63	48	53	51	61	49	46	52	54	55	56	52	51	57	71	56	59	51	56	41	50	63	43	44	60	61	64	54	50	52	50	48	50	57	61	49	54	73	65	60	56	48	57	56	51	50	64	65	40	41	55	51	60	50	48	61	68	77	41	55	55	73	55	51	61	67	49	65	45
74	80	107	139	173	210	258	258	208	189	141	109	100	77	62	55	66	67	56	51	74	61	59	64	57	61	59	56	61	57	56	60	69	48	52	64	50	52	63	50	47	56	61	64	59	50	58	60	47	62	50	53	66	47	49	51	44	53	50	54	51	49	53	48	63	56	49	64	48	56	59	55	57	60	45	50	62	55	56	64	53	64	47	49	34	54	58	50	66	39	50	48	45	49	61	48	45	54	63	47	55	49	63	49	48	52	60	50	66	58	40	48	56	57	60	51	61	42	53	50	56	59	41	58	48
64	86	89	105	135	179	204	193	175	150	112	95	98	76	66	68	59	52	60	55	57	52	53	63	46	52	51	47	58	54	66	54	51	44	51	52	46	57	68	50	49	55	54	60	43	60	59	47	42	43	47	46	55	45	59	56	53	52	63	71	51	50	50	49	55	53	55	45	54	48	54	36	52	49	48	43	47	67	52	52	51	46	48	57	52	41	45	39	43	45	51	55	43	52	45	56	50	37	52	64	47	52	56	47	55	63	43	45	35	46	36	54	54	43	45	53	64	53	59	53	46	55	57	44	60
50	50	68	102	110	132	177	157	153	110	89	74	79	72	59	59	43	64	54	66	51	37	50	59	51	55	47	48	58	47	52	46	56	57	44	40	51	40	45	55	48	45	54	58	41	46	65	42	43	54	54	51	47	47	43	46	54	51	43	57	41	60	47	55	48	47	41	48	67	55	49	60	39	55	37	47	43	42	43	52	46	49	38	47	41	46	34	34	40	44	44	44	49	45	42	61	49	56	41	47	39	42	46	40	62	43	50	54	48	45	51	53	50	36	64	53	45	48	53	45	53	50	60	52	42
57	55	67	87	104	108	138	120	111	104	80	76	60	46	46	62	36	44	52	37	38	48	62	54	51	51	57	43	42	33	47	54	37	39	50	40	43	44	42	54	43	56	52	35	55	59	49	45	48	53	42	50	60	52	40	51	43	30	41	52	53	50	51	51	49	50	58	45	56	45	57	59	37	58	41	46	58	42	34	40	51	51	39	44	37	51	57	47	48	41	39	46	36	41	46	53	43	50	40	39	47	37	36	40	57	49	40	41	47	47	47	45	57	48	34	49	44	47	43	38	48	50	46	49	43
46	58	57	66	80	104	96	87	109	81	64	57	54	56	45	51	62	54	45	40	40	44	29	45	55	50	48	39	42	42	45	42	30	49	44	47	50	44	44	39	45	33	43	45	53	41	32	42	45	30	55	38	43	45	32	54	42	51	48	45	54	58	54	41	44	47	55	44	36	51	39	53	43	36	50	40	49	45	47	37	50	43	41	40	41	48	51	51	37	40	48	35	34	48	45	42	44	44	49	49	33	31	44	50	41	39	32	46	49	33	36	40	43	42	43	41	46	44	47	41	43	48	38	56	43
42	56	71	71	65	103	65	92	80	85	55	53	55	52	49	46	45	45	45	58	50	33	39	42	36	42	37	44	43	44	36	48	48	41	40	42	43	36	40	32	37	40	48	37	37	33	43	45	39	35	25	35	41	38	34	52	34	44	40	49	42	56	47	41	44	43	31	41	33	41	39	33	31	38	42	38	42	46	35	38	27	40	42	43	38	32	46	31	32	44	46	41	34	38	44	33	38	35	45	44	39	46	30	44	44	29	41	41	33	48	42	42	46	44	35	42	51	57	32	44	35	36	41	34	41
47	46	50	76	73	77	87	74	65	52	62	49	44	37	45	48	39	38	45	54	34	35	54	41	33	34	34	27	37	20	37	36	48	36	38	49	48	40	41	35	27	40	41	37	47	30	40	30	37	26	38	36	43	51	42	50	40	30	39	38	42	43	45	31	36	44	36	50	36	36	28	23	31	45	36	32	34	30	38	36	37	34	47	36	34	33	43	33	34	31	34	30	40	43	39	25	33	28	27	47	31	27	33	32	47	28	44	37	34	25	37	37	41	33	36	39	39	32	32	50	43	32	36	36	30
20	32	35	48	53	67	66	64	66	43	54	34	40	40	39	27	31	42	32	40	48	32	51	41	35	29	41	32	33	27	39	41	30	33	45	27	45	35	29	36	40	53	42	48	31	45	31	49	37	31	34	37	42	33	36	41	45	36	42	31	36	36	37	42	45	41	37	28	29	44	27	31	37	44	39	31	28	32	35	34	25	33	24	25	41	35	35	28	23	44	33	35	33	23	37	41	37	40	46	35	37	38	30	29	27	44	38	40	41	35	41	38	27	44	30	40	35	28	36	38	38	37	36	38	23
43	33	59	48	49	57	66	45	41	39	47	37	39	38	34	29	39	29	27	37	27	31	35	47	26	41	37	37	27	45	38	35	37	34	31	36	30	29	43	40	39	29	32	31	33	43	29	29	45	35	37	43	28	41	28	37	33	29	38	43	35	31	32	24	42	30	31	28	29	26	29	30	25	27	39	36	37	32	34	32	41	37	36	28	35	27	30	34	32	38	20	23	41	43	29	41	33	35	36	23	27	25	21	23	42	32	29	32	36	35	27	28	33	26	31	28	34	34	33	41	35	26	24	37	24
31	35	36	45	36	52	50	44	43	40	27	33	41	31	31	37	37	35	35	28	33	29	31	41	30	38	41	34	35	37	30	24	37	26	32	39	30	34	34	32	35	44	33	33	30	26	38	26	30	37	40	33	35	24	31	37	32	37	42	28	30	37	44	35	29	26	34	33	36	30	28	27	29	25	32	29	32	32	39	37	38	37	35	31	27	33	31	23	25	30	30	30	29	34	31	24	33	32	36	36	33	29	29	27	27	32	45	33	28	32	32	40	29	27	31	36	33	32	37	32	38	36	27	41	27
40	34	44	52	35	48	40	38	32	32	35	35	28	34	35	37	25	28	34	31	31	43	35	38	28	32	35	24	43	36	33	30	38	35	33	27	35	38	26	27	28	26	22	37	40	32	32	39	38	25	38	35	27	31	25	28	26	26	28	31	48	38	32	23	35	31	27	22	36	25	26	25	32	23	23	27	29	20	31	26	21	34	36	28	33	27	20	35	27	26	24	14	38	28	25	31	23	27	36	33	31	23	30	24	30	28	35	29	41	30	32	20	31	22	27	32	19	25	36	20	38	31	27	22	24
25	31	32	38	45	39	37	43	40	31	31	29	40	29	41	33	44	28	33	34	41	29	42	27	30	29	29	30	29	31	33	36	27	33	29	31	23	31	28	31	35	30	40	30	34	28	27	24	33	38	34	34	29	30	36	30	27	24	24	29	30	36	39	36	21	36	31	27	24	34	18	28	35	21	37	28	26	30	21	34	26	36	32	31	23	28	36	37	32	23	27	38	38	25	30	19	22	25	18	23	27	32	20	24	28	22	30	24	36	26	28	33	32	49	34	26	34	37	27	30	32	30	25	25	23
32	39	39	35	31	32	33	40	33	36	27	31	28	24	27	35	36	25	35	37	30	24	26	35	27	40	34	39	40	33	30	31	30	23	29	25	22	35	20	35	27	22	32	37	34	28	33	28	26	37	37	28	27	28	32	25	29	27	26	28	28	28	33	24	31	30	29	32	33	29	21	30	38	21	28	18	27	26	25	26	27	23	25	30	24	20	30	36	32	27	22	26	26	34	26	26	30	27	29	38	22	35	24	31	31	26	28	19	38	28	25	25	41	32	28	25	26	27	21	35	25	18	30	23	28
29	32	47	39	29	35	40	40	32	40	48	27	37	40	32	35	26	37	29	36	27	29	39	26	35	24	30	27	28	31	33	31	28	26	26	30	28	36	36	34	42	24	31	30	32	31	39	33	28	26	24	29	40	24	21	32	22	32	21	22	29	27	31	37	36	34	27	23	31	35	24	18	32	21	32	25	31	25	34	31	22	27	32	27	23	27	23	30	32	28	27	28	35	27	23	31	39	29	36	28	34	31	26	30	26	22	30	31	20	26	22	24	31	23	26	22	40	21	27	25	31	27	39	11	25
32	21	41	22	35	39	37	33	43	37	29	33	32	32	28	33	26	32	28	24	31	28	33	30	30	24	35	30	39	27	42	28	23	37	29	30	34	25	30	27	26	32	38	32	35	29	35	22	28	25	35	23	37	30	29	21	25	33	30	37	35	24	31	32	29	32	24	27	28	30	24	31	25	30	27	31	24	23	27	26	20	28	29	28	23	24	38	30	31	27	20	31	28	26	24	27	32	23	34	20	21	29	26	24	25	28	30	27	23	31	33	33	27	20	30	33	24	26	27	33	22	29	23	25	20
24	30	33	35	30	28	41	32	33	27	37	40	33	34	31	38	29	29	28	40	30	25	31	29	23	31	30	25	29	33	34	34	23	26	28	25	30	26	23	25	23	38	34	29	23	33	34	30	38	21	21	37	23	26	22	30	21	26	36	19	43	25	23	32	27	26	33	38	32	23	23	28	19	22	22	29	24	25	27	17	34	26	23	33	29	22	30	27	20	27	26	29	23	25	19	24	26	32	28	22	25	31	24	19	31	31	28	36	24	24	25	31	26	36	21	23	17	28	22	16	19	38	33	28	21
33	27	24	34	31	27	34	39	34	27	32	34	29	32	38	25	31	30	40	38	28	29	28	34	24	38	33	35	28	39	27	35	21	33	22	29	42	22	39	30	25	25	32	30	36	39	42	34	31	31	16	33	27	39	23	31	30	40	36	33	34	25	32	31	31	36	26	32	21	21	22	33	27	29	27	19	18	27	27	20	26	18	28	21	26	35	39	31	31	25	37	28	28	27	19	24	24	24	30	32	20	19	28	28	26	17	19	30	29	24	25	18	37	29	29	29	18	27	27	25	30	29	27	23	26
33	35	32	33	20	29	22	33	26	34	47	31	33	25	35	28	36	28	24	33	29	38	31	28	30	36	27	32	30	32	26	36	35	24	35	30	31	26	29	39	26	26	25	27	25	21	40	29	30	30	27	29	34	30	28	34	30	25	34	35	35	28	33	36	29	38	31	34	29	19	31	31	26	25	28	22	21	29	23	26	15	21	24	25	20	23	31	20	26	17	22	30	27	29	18	20	19	24	29	40	27	33	20	22	26	27	21	24	26	32	33	28	27	26	28	25	31	27	23	31	32	26	23	15	28
39	32	42	49	24	29	32	33	29	34	17	31	30	28	19	33	32	31	30	31	33	31	24	29	33	39	26	31	18	29	31	24	31	38	29	17	34	31	33	34	18	31	26	13	36	23	20	34	30	29	17	33	25	40	33	31	29	28	30	29	24	30	25	38	38	30	33	29	25	26	19	22	24	24	38	26	28	15	32	26	22	22	28	29	24	16	26	37	22	28	22	21	26	22	24	30	20	18	22	26	33	23	28	28	26	38	28	23	28	30	18	23	33	22	25	31	31	26	36	26	22	30	29	19	20
25	31	32	32	28	26	26	25	31	29	24	28	38	23	31	35	36	32	20	31	22	31	32	28	28	26	35	32	23	31	25	23	35	28	22	31	24	24	23	28	34	31	28	32	31	34	34	25	33	23	31	35	27	20	23	39	22	30	34	36	24	34	27	27	37	31	29	25	23	17	24	19	25	24	28	24	28	32	27	23	31	23	26	21	27	30	18	21	28	30	29	27	27	26	19	23	28	28	25	30	29	25	24	34	26	25	24	29	24	26	30	22	23	23	29	23	23	16	32	19	25	30	32	26	18
28	36	42	28	28	25	29	36	35	26	30	22	29	27	23	40	25	36	28	34	33	33	29	31	34	32	25	35	28	28	19	41	35	17	23	37	34	28	26	30	36	29	27	32	25	30	19	34	25	23	32	21	27	32	33	37	21	26	39	24	40	24	29	39	26	35	40	29	22	28	17	30	16	32	30	22	24	24	25	20	25	27	20	26	24	21	14	22	17	21	22	18	24	20	24	31	30	18	34	23	27	27	19	23	25	23	31	31	21	24	22	17	29	25	15	35	22	25	21	24	30	22	22	21	22
34	31	31	30	28	25	30	21	25	30	29	25	22	32	20	23	32	20	28	23	28	32	32	28	29	29	20	29	30	23	36	34	31	34	25	30	34	38	25	31	35	39	31	25	29	24	27	31	25	31	35	30	28	21	27	28	26	24	32	41	28	30	29	33	28	25	38	20	20	20	24	23	23	23	16	27	42	22	25	31	28	23	19	27	26	20	26	31	20	23	27	32	23	23	24	35	26	24	17	28	22	17	21	29	33	41	27	29	31	19	29	30	20	22	12	18	17	20	25	32	16	22	19	17	32
27	22	31	34	32	30	35	30	38	23	24	48	27	24	28	37	33	28	30	29	22	33	25	26	33	26	32	30	22	22	22	22	29	35	26	33	25	25	20	27	31	30	24	30	24	33	37	24	32	31	42	26	32	30	21	29	33	18	22	24	27	28	20	32	24	27	25	38	24	25	30	22	20	26	24	17	21	24	24	19	29	21	29	28	26	21	22	35	31	34	21	27	22	25	21	29	23	24	28	25	19	20	27	24	22	26	23	34	30	25	17	25	24	29	25	25	25	29	35	20	32	17	26	20	19
32	29	29	28	28	29	28	23	37	29	33	19	35	23	20	29	26	39	35	32	28	30	23	27	28	22	33	35	35	25	25	30	20	23	27	35	24	28	24	28	35	24	27	19	24	23	37	33	26	35	27	26	32	22	19	41	19	35	34	34	26	23	16	30	33	25	21	29	31	34	18	30	23	20	20	24	19	22	26	36	31	30	18	17	21	34	25	14	27	20	24	20	19	25	19	29	25	32	34	24	21	18	24	21	32	26	30	20	29	16	31	20	26	24	20	30	19	30	29	26	25	25	17	24	21
27	21	25	28	30	31	31	30	25	22	37	29	27	30	33	29	19	20	31	32	30	27	26	32	26	29	25	23	33	40	24	26	29	31	26	30	28	26	25	28	22	26	36	25	28	26	28	25	22	31	18	32	32	34	26	33	23	34	29	31	40	22	23	34	24	21	25	16	27	20	30	17	22	18	25	21	31	19	28	23	18	30	27	23	18	24	30	20	25	19	19	33	17	21	15	19	28	23	21	23	25	32	22	27	22	28	30	22	36	31	25	21	19	29	18	21	30	27	22	22	21	22	21	15	19
18	25	26	34	28	26	30	33	34	29	28	30	22	29	30	26	24	22	28	28	23	32	26	24	24	30	28	32	29	27	37	22	33	26	22	36	26	25	29	30	39	14	33	20	27	20	25	25	21	22	26	32	24	24	26	21	36	21	20	28	36	12	20	24	28	28	28	18	28	18	17	19	29	20	24	15	21	28	20	20	28	21	25	27	21	20	18	29	20	25	25	30	16	25	22	20	27	22	20	26	27	14	27	24	29	19	25	14	34	21	15	34	28	22	18	23	22	16	23	22	25	20	20	33	24
32	24	25	25	28	22	21	31	25	22	34	25	30	28	23	19	15	32	26	28	32	26	30	15	24	17	23	18	22	29	23	33	21	24	18	26	22	27	15	17	26	25	24	22	24	21	22	31	28	30	17	21	22	24	23	37	23	23	24	30	23	13	24	29	24	28	25	24	23	22	23	23	21	20	26	23	26	27	36	22	16	21	27	17	21	23	17	26	25	26	27	18	22	23	29	26	28	26	28	21	21	23	22	19	39	28	28	24	23	19	27	21	24	24	27	14	20	21	15	22	19	19	31	14	17
28	23	21	23	22	35	19	29	21	24	28	28	24	31	23	24	21	33	19	20	25	27	25	18	21	22	12	28	19	26	33	21	26	26	27	24	15	29	21	21	22	13	16	31	22	26	19	24	25	23	22	19	21	16	23	31	19	19	21	20	19	23	29	26	22	23	27	20	26	30	22	26	20	26	23	26	21	21	27	16	19	17	17	19	30	18	24	22	23	20	26	30	22	25	14	27	21	19	18	16	25	28	20	23	28	26	26	15	17	20	19	25	24	23	23	26	24	12	25	30	28	16	21	21	21
18	22	18	14	14	18	27	25	15	22	18	20	15	20	21	26	25	20	24	28	28	16	23	17	34	15	13	22	24	22	23	22	22	26	20	20	19	25	17	29	31	18	24	27	24	34	28	11	16	26	20	21	16	18	18	16	22	35	17	26	18	13	16	24	20	19	28	27	13	25	14	19	15	31	24	25	26	18	20	22	28	26	18	19	24	19	18	15	15	23	26	19	23	20	30	30	23	23	17	20	23	25	27	27	18	24	25	15	27	13	19	17	19	21	20	19	27	35	14	20	24	25	19	15	18
25	30	18	21	21	21	26	23	22	19	22	22	16	19	21	19	15	24	17	25	27	22	22	20	36	19	17	21	20	19	18	18	23	15	20	11	21	11	17	15	22	22	22	17	20	22	27	24	14	19	22	18	20	28	25	23	21	16	21	22	25	14	11	24	23	24	35	12	18	20	21	21	16	18	25	18	20	18	20	9	11	23	16	15	19	23	22	20	20	21	16	20	22	23	18	26	23	21	24	29	18	21	26	21	24	15	24	19	26	18	23	16	14	22	23	18	24	21	20	25	14	19	20	32	15
27	18	22	20	23	19	20	26	17	10	18	24	16	21	35	15	17	21	16	10	21	24	21	22	25	20	14	20	21	12	18	19	29	20	18	20	13	23	22	23	21	28	19	14	23	16	20	31	21	15	21	24	19	20	15	21	19	23	23	24	21	20	20	15	13	15	14	21	23	15	16	25	20	27	22	19	16	23	17	13	22	18	20	20	25	27	21	22	23	15	28	20	20	24	22	20	27	17	19	24	16	15	21	23	27	33	23	26	29	29	20	18	23	14	19	22	18	18	20	36	24	23	16	20	19
18	19	16	14	21	25	14	19	17	20	20	16	26	20	24	16	24	21	23	26	16	21	21	15	18	24	15	24	22	25	22	17	20	23	22	23	20	15	29	16	17	20	27	23	9	22	23	21	16	17	24	21	21	24	21	16	17	30	20	16	25	30	14	24	29	26	24	12	23	17	17	19	15	20	26	16	20	17	13	14	22	21	18	11	19	25	20	26	21	16	19	23	21	22	27	30	19	29	23	14	28	24	25	27	16	17	21	28	22	21	22	23	21	25	15	23	20	19	12	23	19	18	18	20	19
12	17	19	22	13	20	22	20	24	18	17	21	14	19	13	23	17	21	19	12	16	24	14	23	19	18	27	21	16	23	20	20	15	12	19	9	23	26	21	22	22	20	22	16	21	20	20	16	22	22	14	22	23	18	19	24	19	20	19	23	20	25	20	20	22	26	19	11	15	18	18	18	19	21	19	19	15	23	17	20	12	18	22	20	21	16	20	23	18	22	16	24	21	22	11	18	25	17	23	26	22	12	22	26	17	20	25	23	14	19	19	23	18	21	14	20	20	15	20	20	22	20	12	20	24
19	17	17	18	20	11	23	23	22	32	15	15	17	19	20	16	23	21	17	17	14	17	23	16	18	18	19	19	22	13	15	22	20	17	20	25	15	23	20	12	19	16	26	22	25	14	29	10	23	16	15	14	21	13	22	20	17	19	14	14	16	25	17	14	25	17	23	14	9	20	19	21	24	14	20	24	19	20	16	18	19	22	19	19	22	15	19	16	16	19	16	22	25	20	16	26	24	24	16	26	13	25	19	24	15	18	11	18	14	18	20	27	18	20	20	16	13	21	22	19	16	21	16	13	13
14	15	25	22	17	18	23	21	25	19	21	18	19	14	15	14	22	12	15	14	20	16	14	22	14	13	19	15	25	14	15	18	20	21	18	19	20	30	24	14	23	20	16	19	27	16	19	14	26	18	15	18	16	20	14	15	17	15	25	33	22	17	18	18	12	26	14	15	10	21	24	14	19	30	15	21	23	20	20	22	21	21	14	22	18	12	23	13	16	22	19	25	17	23	18	21	24	21	14	29	20	21	28	19	15	15	19	18	13	17	17	26	16	29	24	15	15	14	20	13	18	23	14	19	13
20	18	26	13	27	19	23	10	21	28	14	13	13	15	22	18	20	25	30	18	27	18	14	15	21	22	23	20	19	26	17	18	18	20	27	19	18	21	22	15	16	20	20	19	26	21	12	22	27	21	24	13	13	18	15	21	22	20	12	17	17	19	19	13	22	21	21	13	15	26	18	17	17	11	18	12	14	12	15	16	18	28	22	22	16	17	16	22	13	20	16	26	17	20	18	29	14	16	27	20	25	24	18	21	23	20	18	14	22	18	17	24	13	18	14	18	24	19	14	18	15	24	19	21	24
19	17	23	19	17	26	20	23	23	17	12	21	13	24	18	20	23	19	15	17	31	18	17	18	25	20	16	17	25	20	14	16	21	18	16	19	15	16	19	20	21	17	12	11	14	17	15	17	17	17	26	18	19	24	21	21	20	22	21	15	22	16	17	18	22	16	21	21	22	12	26	21	20	13	18	22	12	19	10	23	15	9	22	18	28	25	22	15	11	23	12	15	17	28	23	18	24	19	18	27	13	15	18	24	16	16	18	19	18	12	27	19	11	18	15	18	22	11	18	15	17	13	22	16	12
14	17	19	19	25	14	18	13	21	11	14	19	23	16	12	21	14	22	10	15	13	16	20	16	23	19	24	15	18	14	17	22	19	13	20	12	28	23	15	23	21	12	19	15	17	18	20	21	17	24	16	16	18	21	12	21	18	16	16	17	22	21	14	13	22	20	16	15	14	22	17	16	33	20	31	14	18	22	21	16	15	22	19	22	14	12	24	19	15	19	28	16	21	28	22	24	18	19	22	23	26	22	13	15	30	22	28	23	18	21	19	24	17	15	13	22	21	16	16	12	19	22	26	15	18
18	24	24	17	20	16	17	24	9	17	15	15	22	15	15	28	29	18	15	14	23	13	21	17	17	19	14	10	22	13	18	24	18	20	17	15	17	19	22	12	25	24	19	20	18	20	21	14	18	14	15	9	15	16	24	18	20	15	8	24	18	23	20	14	17	23	17	21	22	23	13	20	21	17	25	25	15	12	16	11	23	23	11	29	15	16	22	21	23	24	24	26	16	27	18	19	32	18	23	23	10	21	24	17	12	19	16	20	17	24	14	13	28	21	26	17	22	16	22	18	19	24	25	17	15
23	25	24	19	17	17	22	22	20	18	21	16	16	23	23	17	23	19	21	20	17	15	23	12	19	21	30	20	29	18	21	22	17	10	21	18	21	18	16	17	24	16	22	19	19	20	16	28	13	24	20	15	13	20	17	16	16	16	20	22	27	15	21	16	21	12	20	25	23	16	21	20	16	20	22	20	14	17	19	15	10	16	17	23	25	30	17	23	16	16	22	22	28	18	25	28	17	26	20	13	26	22	27	15	20	16	20	16	17	22	24	18	20	12	19	16	16	25	19	18	14	22	18	16	19
13	17	26	22	18	19	22	22	11	14	17	22	21	19	21	23	18	25	15	23	19	19	15	17	18	17	20	25	20	12	16	23	21	12	20	21	21	20	22	12	18	11	21	20	16	18	23	21	19	18	13	14	14	25	22	24	15	31	17	21	15	20	18	18	16	15	16	17	18	18	23	19	13	18	25	11	20	17	15	18	19	19	17	27	9	23	22	19	23	22	21	19	16	24	23	16	28	16	19	29	15	12	25	14	12	17	21	25	21	25	17	20	23	9	11	16	16	22	21	21	14	23	23	22	16
17	18	17	20	26	27	14	25	23	24	20	18	24	18	17	23	17	15	10	30	23	10	19	17	17	23	14	12	23	15	21	26	17	19	12	22	18	15	24	25	13	7	19	14	23	22	11	17	14	22	20	24	18	18	20	21	19	13	25	19	16	24	22	23	15	9	15	29	19	26	21	17	15	28	14	13	16	24	18	12	18	15	23	17	27	18	30	29	18	33	19	24	27	20	28	23	20	21	19	22	20	14	14	19	28	16	17	23	19	16	19	23	19	19	19	21	16	22	18	27	16	21	22	20	18
17	23	20	21	15	22	13	21	19	21	22	17	26	12	15	18	30	15	21	16	24	11	22	21	19	10	19	19	15	17	13	24	20	18	23	16	19	21	21	15	10	17	17	17	18	17	26	21	20	12	16	19	15	16	22	23	21	17	18	12	20	17	21	18	17	18	12	20	18	22	20	20	19	22	14	14	16	8	13	18	27	19	23	12	15	24	24	10	13	24	21	24	16	27	17	21	33	13	20	22	16	16	13	15	16	17	18	17	12	17	16	20	19	16	15	18	21	22	13	27	13	23	22	19	11
18	14	20	27	17	20	23	22	20	21	16	16	21	23	25	20	12	14	24	11	23	17	13	18	21	25	15	28	23	21	26	22	12	12	21	16	12	18	19	25	20	17	22	14	14	24	23	18	19	21	17	22	21	18	17	22	26	16	17	19	18	25	20	20	17	26	18	19	21	17	17	24	23	21	19	13	20	18	21	17	22	21	22	18	12	18	18	22	20	27	17	33	24	28	24	21	15	16	24	28	24	28	26	15	18	16	21	18	22	25	12	24	23	19	17	23	20	13	18	18	20	21	30	17	19
18	17	19	22	27	23	23	16	14	13	24	28	19	17	20	20	13	21	20	12	20	19	19	17	12	15	14	17	22	24	23	23	23	12	18	26	21	14	12	14	23	25	14	19	20	16	27	20	22	21	17	29	19	19	22	18	22	18	17	16	22	24	20	18	22	25	15	18	12	20	20	16	14	14	16	23	19	18	18	16	22	28	20	18	21	25	24	19	19	17	26	29	16	28	22	22	16	21	23	24	17	23	28	22	16	20	14	22	16	20	15	19	14	16	28	18	19	18	19	21	23	29	25	18	15
19	14	20	30	16	12	21	28	25	18	16	14	23	12	19	20	18	15	25	21	31	17	24	15	20	17	25	22	22	17	16	33	23	29	30	18	17	14	18	28	17	14	17	15	22	17	16	14	22	14	19	28	9	13	20	17	14	21	22	21	12	17	22	18	12	19	20	25	27	16	23	24	26	19	25	13	17	17	17	25	21	29	32	25	25	29	26	23	17	27	27	20	25	23	29	27	22	25	19	20	19	17	21	18	22	24	18	15	18	17	19	18	19	19	16	28	19	19	23	22	28	24	19	12	15
23	20	22	25	14	24	22	18	26	15	15	20	19	20	22	18	16	24	20	15	30	15	22	22	20	17	16	23	19	22	21	16	26	21	13	18	23	31	15	24	26	16	20	32	24	19	20	14	21	19	14	19	22	18	13	29	23	20	25	19	21	23	16	18	19	17	9	13	20	23	29	25	20	21	22	22	28	27	21	21	27	21	23	25	25	34	27	28	19	26	25	16	27	24	29	23	16	19	28	23	30	17	25	27	29	27	18	16	22	30	21	21	26	34	23	14	21	17	17	23	26	24	17	18	15
15	25	25	18	14	16	23	19	15	17	26	11	12	26	21	26	17	19	19	16	11	18	22	11	27	21	21	26	19	18	20	16	23	19	28	22	14	21	12	26	23	17	17	25	17	16	15	29	14	16	17	23	20	17	17	23	14	36	21	19	16	22	21	16	18	17	22	25	21	24	21	20	31	21	21	27	13	25	16	28	27	20	19	25	27	35	20	23	25	25	27	20	32	23	21	30	20	14	18	21	30	25	10	24	12	21	19	17	21	26	21	22	22	20	29	17	19	25	25	28	18	18	15	21	18
20	11	12	19	23	20	18	25	21	19	23	25	31	20	16	23	25	17	16	18	30	18	23	25	16	29	21	21	17	20	23	26	22	21	20	32	22	24	21	20	26	13	20	21	20	22	33	17	15	19	12	22	18	20	24	23	12	23	32	20	27	25	27	16	16	21	17	21	19	17	24	23	20	14	24	25	9	17	28	26	27	20	23	30	25	21	24	29	26	26	25	22	28	29	21	26	21	29	23	24	22	19	16	24	24	21	14	14	23	12	28	20	19	27	19	29	10	23	14	18	25	19	18	23	14
23	22	25	19	14	30	29	18	16	21	29	23	16	21	23	26	20	13	17	29	15	23	18	23	18	21	19	17	26	27	25	28	23	21	28	18	18	26	16	20	20	18	12	23	12	20	23	19	15	16	22	24	20	25	20	13	19	15	19	16	23	21	23	19	27	27	21	22	19	21	19	16	21	21	27	26	30	24	24	27	34	33	21	25	25	30	23	25	26	36	34	15	23	21	24	21	18	22	31	18	12	24	9	27	22	23	22	17	20	17	27	25	23	32	22	24	17	17	16	12	19	28	19	16	20
15	20	32	22	17	23	24	27	20	23	25	13	25	26	21	18	16	21	18	18	19	17	29	25	19	20	22	26	21	23	25	15	27	16	26	22	25	24	27	23	26	17	19	22	20	21	18	16	12	27	24	22	19	23	28	15	18	24	21	17	24	21	16	22	25	13	22	22	14	25	16	25	31	19	14	18	26	35	38	31	33	36	27	24	26	24	24	24	32	26	33	22	22	21	8	17	22	14	19	21	22	23	18	21	18	26	19	14	37	23	12	17	14	23	19	23	18	27	23	25	17	12	22	26	14
16	14	21	26	31	22	16	25	23	17	11	19	23	24	17	28	15	26	24	17	24	22	24	26	18	17	15	21	15	24	20	26	29	24	24	13	22	22	30	22	26	17	20	8	28	28	19	22	14	16	31	18	23	17	23	18	35	22	16	19	21	23	18	24	23	23	34	21	27	14	21	21	19	28	20	28	29	28	40	35	36	34	40	34	24	32	22	39	24	23	19	22	24	22	35	28	33	16	30	25	15	18	26	33	20	26	26	24	24	9	25	13	22	29	24	25	11	35	28	25	15	17	21	16	19
16	25	13	27	25	20	30	19	28	18	25	21	18	19	19	22	23	25	28	22	23	24	24	21	21	21	19	12	29	26	26	20	15	23	18	17	14	27	17	18	15	28	19	22	22	23	21	16	19	24	16	23	22	21	22	20	23	18	23	34	21	21	23	15	24	24	22	18	18	29	18	17	34	20	21	27	37	24	39	40	41	38	41	39	30	37	29	30	32	25	26	24	23	17	27	26	25	28	28	18	16	20	21	23	22	29	21	19	20	25	20	23	25	25	28	21	21	24	20	16	21	15	23	32	12
29	21	28	26	24	24	23	18	27	25	17	22	28	25	14	15	36	30	17	23	13	32	14	18	21	25	21	14	26	27	24	26	23	33	17	30	27	23	22	21	19	24	18	21	25	21	27	22	13	21	20	20	18	23	17	28	23	18	23	28	20	20	16	18	32	27	25	30	29	31	28	25	19	24	13	23	26	41	38	50	45	49	40	37	40	27	31	25	33	24	28	20	23	31	20	26	24	23	29	29	21	26	19	25	29	19	24	20	20	19	22	20	25	25	25	27	26	29	27	22	28	24	30	23	19
20	28	21	21	19	27	26	17	27	15	24	25	11	24	29	25	17	25	30	20	17	33	30	24	24	18	20	28	13	17	29	24	26	20	27	27	19	28	31	26	24	28	16	20	22	26	14	26	22	22	20	19	17	30	21	34	22	23	24	25	20	26	19	16	20	24	25	19	17	29	20	21	21	29	20	25	25	24	32	51	50	34	44	35	42	32	29	30	34	35	28	23	25	33	19	36	26	26	23	17	32	26	17	21	13	18	34	26	23	16	30	24	16	17	35	20	30	21	34	28	33	22	23	23	20
26	18	26	26	20	25	19	29	20	32	23	34	28	23	23	18	27	24	15	29	27	30	18	23	20	21	31	27	29	15	23	29	22	18	23	25	18	18	29	26	27	26	23	30	16	27	31	22	28	22	35	19	23	19	30	30	22	13	21	28	27	24	27	24	21	23	20	21	18	25	29	27	17	26	22	31	26	38	24	41	35	54	65	40	51	38	29	25	29	22	25	26	33	25	30	29	22	24	17	34	16	28	24	20	26	25	18	24	26	17	29	21	27	21	25	23	25	18	25	24	28	21	22	28	23
14	21	24	32	24	25	24	27	24	20	23	24	24	26	26	30	23	23	24	23	27	26	21	24	29	19	22	22	29	22	27	25	27	27	29	24	29	25	21	32	29	22	26	32	17	19	24	29	28	22	23	24	27	34	19	22	29	13	22	25	25	13	20	31	30	30	22	32	23	15	28	21	20	23	23	20	29	30	34	42	52	55	46	47	40	39	38	33	31	24	22	26	29	31	25	17	22	23	24	25	20	25	21	19	26	24	26	25	23	27	18	32	35	30	31	17	33	31	33	27	28	18	24	25	16
30	20	32	29	18	40	25	20	25	24	26	20	23	33	25	19	28	19	27	20	31	19	20	32	32	23	28	30	29	15	18	23	29	20	22	25	21	26	21	25	27	21	29	25	26	20	20	29	16	19	31	25	21	29	19	22	18	30	32	24	23	35	18	24	22	27	19	26	23	25	20	28	18	31	28	33	31	26	36	40	56	46	63	54	32	52	25	31	33	32	30	25	22	30	24	43	27	28	18	28	31	20	26	25	34	27	26	22	31	22	25	23	22	34	29	29	22	28	24	28	24	23	26	24	18
35	28	22	17	38	30	24	28	21	24	32	28	33	35	25	23	28	23	26	29	29	26	21	29	14	19	26	35	20	24	25	29	25	23	28	23	28	25	23	22	28	30	29	33	33	26	18	23	21	32	15	20	22	25	24	20	30	27	31	21	21	29	25	22	33	26	14	25	29	27	22	24	30	25	28	26	27	35	29	43	55	60	56	39	42	40	41	23	36	26	30	24	29	24	25	36	18	16	24	21	24	33	26	27	27	18	23	27	24	27	20	26	25	25	27	28	26	22	26	18	33	27	29	25	30
26	19	25	27	21	27	19	25	21	36	35	24	30	21	19	27	24	25	32	26	32	27	35	41	29	18	23	22	31	18	24	17	24	19	25	24	18	28	19	20	29	24	24	30	26	21	24	17	29	27	28	22	27	26	24	25	19	25	26	21	26	20	23	29	27	32	28	24	14	29	18	32	17	32	34	32	18	38	30	36	43	44	38	44	47	42	32	39	22	21	28	33	32	28	17	26	28	28	29	18	23	37	28	23	34	28	35	20	25	26	26	22	22	17	29	24	35	24	16	24	27	25	29	30	22
19	28	26	20	15	23	32	29	27	16	25	20	33	26	35	26	22	33	22	34	28	22	36	27	23	29	25	22	22	30	34	27	23	24	24	23	25	27	31	37	17	30	31	26	31	24	26	29	25	35	33	41	26	23	24	33	24	23	21	20	18	17	25	34	21	30	32	27	25	24	25	24	26	35	22	32	39	32	27	41	39	51	38	40	37	45	27	21	27	32	26	19	29	30	31	30	29	28	29	25	20	28	17	32	24	19	20	23	30	30	28	20	27	25	20	19	26	28	20	26	30	29	27	29	28
33	21	35	26	25	25	27	29	21	29	17	32	33	32	31	24	20	27	29	27	23	27	23	26	27	30	41	28	35	31	23	26	20	27	31	22	26	25	20	25	22	22	23	33	25	26	24	21	36	21	32	32	30	29	34	33	20	17	24	42	20	27	35	30	35	23	28	27	22	26	25	36	37	28	32	37	32	38	38	41	38	45	38	47	36	34	30	29	25	30	35	27	24	21	28	16	26	33	24	29	28	22	29	29	37	24	22	20	29	30	39	25	31	23	24	22	37	20	26	33	27	24	25	31	35
32	24	24	37	24	31	30	25	22	28	31	25	38	26	36	31	34	33	27	30	30	28	27	22	21	39	29	28	31	20	33	28	23	35	26	30	17	23	21	31	34	18	25	23	32	37	36	28	22	31	28	26	23	25	24	24	35	35	28	31	35	26	24	32	29	29	30	28	25	24	39	27	26	35	41	41	55	43	53	45	55	44	57	36	38	31	38	35	31	31	26	22	33	31	25	27	28	29	39	28	34	28	28	30	31	24	24	27	32	29	22	28	25	28	25	25	37	25	24	31	30	33	25	27	20
20	35	33	40	29	18	30	34	37	33	34	34	30	26	21	22	27	23	29	34	30	28	32	25	28	34	38	39	23	29	39	36	30	31	17	33	37	30	29	31	24	30	36	23	34	33	28	28	28	34	36	26	25	18	30	28	33	30	26	26	28	26	20	36	24	39	29	30	28	21	37	35	24	43	49	53	52	56	64	52	53	49	39	43	48	30	25	34	39	31	34	31	39	37	27	25	30	30	21	28	30	38	27	30	30	27	31	28	27	33	31	19	32	31	18	28	30	32	20	25	36	25	25	24	21
28	33	32	35	24	22	34	35	28	30	26	39	33	32	30	32	30	23	17	22	23	26	29	34	26	36	22	21	17	29	19	25	29	25	37	34	26	34	30	27	31	32	20	33	36	28	25	47	27	29	32	39	38	18	32	26	21	28	25	40	19	23	28	15	30	26	26	24	31	29	24	40	32	41	52	58	67	68	63	61	46	41	27	44	34	28	35	40	30	23	29	31	32	24	31	27	31	20	18	36	34	30	30	33	28	30	33	36	21	34	43	29	30	27	26	24	23	24	33	34	20	31	37	30	35
25	31	41	34	38	26	23	28	25	29	36	26	27	27	28	29	37	30	37	30	25	37	44	32	25	36	21	35	29	30	30	30	31	41	21	34	32	25	33	44	23	33	28	30	35	26	37	32	27	34	38	28	41	30	28	22	26	30	26	34	27	30	31	30	25	24	40	28	28	23	32	29	38	35	41	57	67	73	72	49	55	50	52	40	40	38	33	27	31	30	28	37	31	34	33	40	27	37	36	22	32	28	33	40	37	33	27	32	27	25	34	28	30	30	34	42	33	28	30	31	28	42	27	30	24
28	28	29	38	30	30	26	32	34	32	30	41	34	43	45	22	41	32	35	43	35	35	40	17	32	35	27	33	27	29	31	26	33	32	31	21	21	18	38	37	34	38	25	30	41	29	33	32	41	23	36	29	18	22	30	28	25	31	33	23	40	25	27	24	24	28	40	22	30	28	28	20	38	38	42	58	70	90	72	72	59	55	51	47	38	30	33	33	35	31	25	34	24	26	29	28	36	34	28	26	39	30	38	37	30	34	32	32	25	30	31	27	33	24	33	30	30	22	39	37	26	42	33	32	27
39	39	34	33	37	21	40	23	25	28	36	36	40	38	28	32	24	19	20	27	32	28	35	32	34	32	34	33	30	29	38	36	36	33	36	39	31	29	29	35	37	35	36	38	35	36	34	36	24	33	30	25	46	25	32	29	30	36	36	35	36	33	40	32	25	34	37	28	25	33	35	26	27	41	38	59	56	81	78	67	52	50	53	43	31	41	36	44	42	30	35	28	40	26	35	26	22	32	38	30	34	27	36	29	39	34	34	26	33	38	19	30	27	26	29	30	38	44	27	26	32	41	28	34	29
30	28	39	35	28	37	33	40	33	36	37	43	32	19	32	30	31	35	25	38	29	38	30	38	25	41	29	42	38	35	31	32	29	26	30	40	38	30	35	41	32	39	31	41	37	40	22	45	31	40	31	35	38	31	32	23	27	38	36	35	40	37	35	25	27	38	28	33	31	45	35	28	32	37	44	57	75	77	69	66	58	55	58	37	37	46	43	43	30	30	34	36	42	42	34	29	31	33	41	37	32	40	38	25	25	43	17	28	31	37	37	37	40	41	25	28	41	24	34	27	25	44	23	33	34
35	40	37	34	49	27	34	41	47	28	39	40	43	27	37	30	27	29	46	25	35	33	25	27	28	30	26	25	32	36	33	33	31	37	39	36	31	26	37	40	37	37	38	35	29	39	23	36	37	32	39	35	34	43	30	39	45	27	28	41	34	24	33	41	23	42	36	47	38	25	36	40	50	32	40	42	56	73	61	66	63	69	40	37	35	38	22	32	39	36	30	34	36	29	46	31	34	36	36	38	35	36	32	29	40	25	35	32	40	32	34	36	34	35	20	23	36	40	38	25	38	32	34	27	33
33	33	44	43	44	33	33	45	25	31	31	29	34	43	30	38	28	37	29	38	36	39	41	38	24	41	36	40	36	35	28	32	30	40	32	38	38	35	39	29	37	38	29	45	29	29	55	36	40	34	41	39	37	45	28	45	39	41	37	39	35	27	43	33	40	39	39	40	32	32	33	34	47	31	40	36	53	66	65	61	70	66	43	41	37	44	36	44	32	33	36	22	34	33	38	41	39	30	45	36	29	46	27	33	34	44	33	38	31	44	32	29	32	31	40	37	32	38	45	29	43	39	35	39	39
37	42	37	46	46	39	32	43	27	39	40	45	35	30	32	33	38	33	31	33	38	44	47	40	29	36	35	44	46	41	44	40	28	45	31	33	35	36	31	43	38	41	30	37	27	42	29	45	36	37	35	32	37	43	33	36	32	36	31	44	50	30	44	32	31	37	39	25	43	38	35	39	40	40	37	31	48	57	64	52	64	55	53	45	44	53	38	31	41	41	50	26	39	39	35	37	34	43	38	43	28	42	34	41	34	47	29	32	47	40	35	33	39	34	38	41	38	30	40	36	31	30	42	43	35
39	31	33	42	32	42	34	45	29	47	31	37	52	48	40	48	35	29	38	39	39	34	56	40	31	42	43	48	35	33	39	40	37	38	38	32	34	34	38	36	43	46	29	40	32	31	30	35	36	52	41	27	37	42	34	43	40	33	51	42	38	31	31	48	35	48	46	28	41	40	42	34	35	38	49	44	52	49	46	48	68	49	37	47	40	47	26	39	38	33	38	39	36	42	46	37	34	39	32	25	37	28	38	31	33	36	38	31	32	26	34	32	28	40	32	31	28	29	44	38	43	43	27	36	42
31	45	36	40	42	40	43	33	46	29	45	36	46	38	39	44	36	59	36	34	40	31	41	49	38	39	53	51	43	51	46	39	42	41	32	32	46	32	34	35	37	56	43	41	42	41	24	31	37	59	37	32	37	44	30	40	39	36	39	38	27	30	33	40	62	44	40	44	38	41	37	37	45	46	39	36	39	46	39	48	51	46	38	48	47	44	38	36	51	37	39	38	38	46	48	36	46	44	30	28	36	36	49	37	41	45	43	38	38	37	46	47	45	39	29	29	43	41	40	41	37	31	35	47	31
46	53	35	45	38	43	30	46	40	43	28	40	30	35	43	36	48	37	29	39	40	41	26	40	34	43	41	36	50	33	44	33	40	39	35	47	41	44	28	36	43	46	46	40	45	43	42	42	37	29	30	63	46	38	40	40	38	46	29	51	33	30	39	45	42	38	33	37	37	37	48	44	35	44	42	37	37	48	41	36	58	54	37	38	41	49	45	50	42	34	52	38	40	38	47	42	33	45	22	43	43	35	45	36	38	47	45	44	36	50	35	39	41	40	46	36	42	34	39	48	44	46	51	41	47
40	46	37	46	34	40	28	39	39	44	43	42	49	52	37	38	41	47	44	35	32	44	47	41	45	53	44	30	42	42	43	43	56	50	45	46	47	48	45	35	36	45	33	39	45	42	51	36	38	54	43	42	38	53	49	40	38	40	38	40	39	27	39	56	41	40	46	54	39	51	31	36	42	50	61	39	49	47	46	62	41	45	54	47	53	41	34	54	37	49	28	47	39	40	33	30	46	49	44	42	30	39	45	57	44	43	38	46	53	42	45	44	43	50	25	35	28	45	42	43	35	47	39	42	42
37	37	35	43	38	58	54	53	42	35	37	40	40	32	44	50	45	35	43	49	61	54	49	51	51	41	35	38	38	48	48	36	40	49	43	43	40	36	44	33	46	57	41	52	43	42	44	40	37	34	37	35	51	31	48	44	39	41	45	35	44	36	37	44	52	46	35	41	36	46	47	51	56	24	42	40	44	36	51	58	33	36	39	51	45	53	47	43	34	44	51	35	42	45	41	44	43	45	40	42	43	42	36	46	42	39	44	47	51	49	34	45	46	44	37	38	50	38	43	35	37	39	26	50	38
43	40	53	45	51	50	38	49	47	45	33	49	46	53	42	45	38	45	36	40	34	43	43	35	28	51	46	36	44	51	36	40	56	37	45	56	40	46	49	47	44	48	41	38	26	35	45	38	50	48	41	40	33	43	46	37	56	34	48	57	46	51	40	49	49	48	56	53	37	43	47	45	44	47	44	39	48	36	43	45	40	53	40	52	42	40	46	41	50	57	33	40	37	40	42	37	51	35	38	46	45	34	47	44	48	42	37	54	41	37	38	44	40	49	45	45	48	36	43	55	43	44	46	53	41
42	58	40	47	31	45	46	48	46	46	50	49	55	43	45	42	37	44	47	49	38	32	51	45	39	53	41	53	35	50	47	45	66	39	45	49	50	43	49	36	47	44	37	34	41	39	37	45	41	46	45	40	38	46	45	35	40	52	46	46	51	51	49	45	44	48	55	32	47	37	36	40	52	44	43	41	42	45	47	44	44	49	49	50	40	46	45	33	46	33	55	36	41	44	36	48	36	39	32	43	38	54	37	56	36	42	42	37	40	42	39	41	49	47	47	43	57	47	48	42	40	36	50	40	45
45	48	50	46	46	44	44	65	37	37	49	42	57	49	52	45	45	45	38	37	56	48	44	43	53	35	45	44	41	42	39	58	63	37	40	48	43	39	52	53	52	47	48	39	44	48	37	44	45	51	42	45	52	41	50	42	44	43	43	40	44	49	48	64	44	35	48	37	41	43	38	43	44	40	42	46	44	49	47	31	47	42	52	51	47	52	47	38	42	45	50	54	50	49	49	36	45	42	46	47	39	41	49	33	34	46	36	47	34	41	42	50	49	47	48	35	36	37	46	47	58	48	45	46	43
57	55	47	40	41	38	38	48	42	41	44	46	40	63	56	45	58	34	50	34	48	47	45	39	44	56	49	45	43	34	56	46	34	39	42	45	43	52	54	46	50	50	45	47	46	58	41	60	48	46	39	37	47	44	44	50	36	35	45	52	38	47	43	42	47	27	48	47	41	46	34	48	39	34	53	42	43	33	47	43	35	45	44	41	48	44	42	48	50	48	37	37	35	40	47	57	55	52	40	39	51	51	54	45	52	60	55	36	50	47	54	41	42	47	45	34	58	40	58	35	46	44	37	46	41
41	53	36	47	43	54	44	50	49	39	42	50	56	39	50	53	46	49	42	44	36	48	50	50	57	26	51	43	48	50	33	49	37	43	46	48	48	40	47	42	53	49	47	40	44	45	48	43	39	34	43	37	38	42	50	48	45	38	48	40	43	40	45	31	59	51	35	52	52	54	35	52	53	41	42	31	47	32	50	42	58	50	49	43	41	44	36	50	46	51	64	47	62	45	41	53	30	45	39	41	36	51	41	48	60	50	54	43	43	41	47	41	44	43	44	31	32	55	50	43	40	48	52	33	48
30	40	47	39	68	48	43	43	35	66	45	30	35	53	56	54	57	46	49	41	46	39	31	40	37	47	31	53	51	41	47	62	57	41	45	37	52	47	38	37	46	36	44	43	46	37	55	42	47	62	46	45	40	49	50	44	37	35	49	34	45	43	41	48	47	40	45	49	60	37	50	61	44	43	44	38	56	62	55	57	54	44	37	51	43	48	41	36	32	50	52	34	40	41	55	57	54	42	51	31	44	43	41	35	47	41	48	44	50	42	48	45	55	50	36	41	45	47	45	58	44	48	42	38	41
43	42	48	40	40	41	45	62	38	63	46	48	43	39	55	45	29	53	53	48	43	44	37	46	38	39	48	38	45	50	52	40	43	48	45	40	42	45	50	44	39	49	46	43	51	44	45	40	53	43	51	48	32	30	35	27	47	41	37	46	39	47	36	41	33	46	38	49	53	44	44	37	46	41	67	45	46	30	50	38	44	41	42	39	44	45	56	45	56	45	39	44	42	43	45	44	42	40	39	34	50	46	42	40	43	44	39	43	23	51	42	40	36	41	49	48	40	37	43	36	45	40	36	36	42
